1 3.9999999999999996
2 5.428571428571427
0 7.999999999999998
3 16.307692307692307
2 20.000000000000004
3 21.538461538461544
0 24.0
2 32.333333333333336
3 49.33333333333334
3 53.0909090909091
0 55.99999999999998
3 64.66666666666667
1 67.99999999999999
0 69.33333333333333
2 72.0
1 81.09090909090912
1 84.0
0 85.81818181818184
0 87.99999999999999
1 96.80000000000001
1 116.0
0 149.0909090909091
0 151.99999999999997
1 161.0909090909091
1 162.54545454545453
1 165.45454545454547
3 184.00000000000003
0 192.7272727272727
0 196.00000000000003
3 197.45454545454547
1 200.0
0 208.80000000000004
0 212.00000000000006
3 212.8
0 224.00000000000003
3 241.60000000000002
0 271.99999999999994
1 338.0
1 341.4545454545455
2 353.0909090909091
1 372.0
0 373.33333333333337
2 373.4545454545455
3 377.4545454545455
0 380.0000000000001
1 381.20000000000005
2 381.33333333333337
2 383.0
3 393.7142857142857
0 396.0
2 408.0
1 423.9999999999999
2 458.22222222222223
1 459.9999999999999
3 463.99999999999994
0 473.7777777777778
2 483.20000000000005
1 485.20000000000005
1 496.0000000000001
0 512.4
0 515.9999999999999
1 517.2
2 520.0
0 528.8888888888889
3 531.9999999999999
0 533.7777777777777
2 534.0
0 537.7142857142857
0 538.8571428571428
0 549.7142857142857
3 560.0
0 576.0
0 580.0
1 581.5
2 593.7142857142857
3 629.7142857142857
0 697.7142857142857
3 834.5
3 837.6
2 841.3333333333334
3 849.7777777777775
2 853.3333333333331
1 872.0000000000002
0 873.6000000000003
2 883.9999999999999
1 885.1999999999999
0 887.9999999999998
1 895.9999999999999
0 900.0
3 931.9999999999999
0 933.3333333333333
0 936.0
1 938.0
0 948.5
0 964.0
1 968.5
1 972.0000000000001
0 981.5
2 1008.0
1 1009.2
3 1012.0
0 1013.7777777777778
0 1016.0
0 1017.5
0 1028.0
3 1029.5
1 1032.0
3 1033.7142857142856
1 1044.0
0 1045.7142857142856
2 1048.0
1 1049.3333333333333
0 1050.4
1 1060.0
2 1076.8000000000002
1 1111.9999999999998
0 1176.6666666666665
1 1188.0
3 1200.0
0 1216.5
0 1248.5
1 1253.7777777777776
0 1256.0
3 1270.5
0 1274.0
2 1284.0
1 1286.5
3 1296.0
0 1298.0
3 1301.7142857142858
0 1304.0
3 1305.7142857142856
2 1316.0
1 1333.7142857142856
1 1365.7142857142856
2 1432.5
1 1436.0
2 1437.5
0 1448.0
1 1465.0
1 1476.0
0 1477.5
3 1480.0
0 1481.5
1 1484.0
0 1492.0
1 1509.7142857142858
2 1672.0
1 1937.333333333333
2 1941.4545454545455
3 1941.6000000000001
1 1945.333333333333
0 1947.9999999999995
3 1955.9999999999995
0 1973.7777777777774
3 1977.5
0 1987.9999999999998
3 1989.6000000000001
3 2000.0
0 2001.6000000000001
1 2004.0000000000002
0 2005.7777777777778
0 2008.0
1 2016.0
0 2034.0
1 2037.7142857142853
0 2040.0000000000002
0 2042.0
3 2044.0
1 2053.142857142857
0 2054.857142857143
1 2057.333333333333
0 2058.6666666666665
1 2067.9999999999995
3 2088.0
0 2128.5714285714284
2 2196.0
1 2197.333333333333
1 2199.9999999999995
0 2201.5
0 2204.0
3 2212.0
0 2228.5714285714284
1 2230.8571428571427
1 2233.7142857142853
2 2235.9999999999995
0 2237.9999999999995
3 2249.333333333333
0 2266.6666666666665
0 2302.0
1 2312.0
0 2313.5
0 2316.0
1 2325.714285714286
3 2327.9999999999995
0 2336.5714285714284
2 2355.9999999999995
1 2357.5
0 2388.5714285714284
1 2390.2857142857138
3 2399.9999999999995
2 2402.285714285714
0 2405.142857142857
2 2408.5714285714284
3 2412.0
0 2414.0
0 2424.0
1 2439.9999999999995
3 2444.0
2 2445.333333333333
0 2448.0
1 2456.0
1 2460.0
0 2461.6
1 2464.0
1 2474.0
2 2500.0
3 2502.0
2 2536.0
1 2600.0
1 2616.0
0 2630.0
3 2632.0
2 2760.0
2 2769.7142857142853
3 2772.5
0 2773.7142857142853
2 2777.333333333333
0 2784.6666666666665
3 2801.9999999999995
1 2840.0
0 2849.5
2 2868.0
1 2869.333333333333
0 2932.5
0 2936.0
3 2938.0
0 2941.5
3 2952.0
0 2953.5
0 2964.0
0 2965.5
1 2968.0
0 2969.7142857142853
2 2972.0
0 2980.6666666666665
0 2984.0
2 3000.0
1 3001.9999999999995
2 3005.6000000000004
3 3016.0
0 3017.9999999999995
1 3032.0
0 3035.2
1 3038.3999999999996
2 3048.0
1 3049.6
3 3081.0
0 3092.0000000000005
1 3094.4
0 3097.0
3 3108.0
0 3126.4
1 3159.9999999999995
1 3162.0
2 3226.4
3 3356.0
2 3612.0
3 4136.666666666666
2 4162.0
1 4166.8
0 4177.2
0 4196.0
0 4228.000000000001
0 4240.0
1 4241.333333333333
1 4244.000000000001
0 4245.454545454546
0 4247.999999999999
0 4249.6
0 4252.0
0 4260.88888888889
2 4264.0
3 4280.0
1 4291.999999999999
2 4293.6
0 4296.0
0 4297.777777777778
1 4300.0
2 4308.0
1 4325.5
1 4329.333333333333
0 4332.0
1 4341.0
1 4352.0
0 4353.777777777777
0 4356.0
1 4357.5
1 4360.0
2 4368.0
1 4387.999999999999
2 4421.5
0 4424.0
3 4496.0
0 4497.333333333333
1 4501.0
0 4503.0
0 4505.714285714286
1 4508.0
3 4515.999999999999
0 4533.714285714286
0 4537.0
0 4548.0
0 4564.0
3 4598.0
0 4601.777777777778
1 4604.0
0 4613.0
3 4616.0
0 4625.5
1 4628.0
0 4629.5
0 4632.0
2 4632.0
1 4634.0
0 4648.0
3 4654.400000000001
2 4664.666666666666
0 4668.0
1 4670.0
0 4672.0
2 4678.0
3 4688.8
3 4704.0
0 4707.2
0 4710.4
1 4746.0
2 4757.333333333333
0 4824.0
1 4825.714285714284
0 4828.0
3 4836.0
0 4854.666666666666
0 4855.999999999999
0 4858.666666666666
0 4861.333333333333
1 4872.0
0 4874.0
0 4876.0
1 4877.6
1 4888.0
0 4904.0
0 4938.4
1 4941.333333333333
2 4942.400000000001
2 4952.0
3 4958.4
0 4963.2
1 4983.0
2 4984.666666666667
2 4986.400000000001
1 4990.0
2 4992.0
1 5002.0
0 5004.0
3 5012.0
0 5016.0
1 5024.0
0 5043.0
1 5076.0
3 5141.6
0 5272.0
3 5282.0
0 5285.714285714286
2 5287.999999999999
3 5296.666666666667
0 5316.0
3 5348.571428571428
0 5350.857142857143
0 5361.142857142857
1 5380.0
0 5381.5
2 5383.999999999999
1 5384.5714285714275
2 5386.666666666666
0 5388.000000000001
2 5398.4
2 5402.4
1 5404.0
2 5406.400000000001
1 5408.000000000001
0 5416.0
1 5433.0
2 5439.0
3 5448.000000000001
0 5449.600000000001
2 5460.0
1 5476.0
2 5510.4000000000015
2 5522.4
2 5524.0
1 5525.333333333334
0 5528.000000000001
2 5530.0
1 5540.0
1 5541.6
2 5544.0
2 5554.0
1 5556.0
0 5559.0
3 5572.0
2 5576.0
0 5576.0
2 5580.0
1 5646.0
1 5654.0
1 5658.0
3 5676.0
0 5680.0
1 5713.333333333333
0 5716.0
0 5725.333333333333
0 5728.0
2 5733.333333333333
0 5730.0
2 5732.0
1 5740.0
0 5760.0
1 5760.0
3 5792.0
2 5796.0
1 5808.0
1 5824.0
0 5826.0
1 5828.0
3 5840.0
2 5850.0
3 5856.0
0 5864.0
1 5860.0
2 5864.0
0 5864.0
0 3.9999999999999987
1 5.428571428571427
2 7.999999999999998
3 16.923076923076923
0 20.000000000000004
1 21.538461538461544
0 24.0
1 32.333333333333336
0 49.333333333333336
1 53.00000000000001
0 55.99999999999998
3 64.33333333333334
0 67.99999999999999
1 69.33333333333331
1 72.0
0 81.09090909090912
2 100.00000000000001
1 132.33333333333331
2 134.66666666666666
1 137.0909090909091
0 140.00000000000003
1 149.45454545454547
0 152.0
3 152.72727272727272
3 155.99999999999997
0 164.8
0 183.99999999999994
0 193.09090909090907
1 196.00000000000003
1 197.45454545454547
1 200.00000000000003
1 201.60000000000002
2 203.99999999999994
1 213.77777777777774
3 231.99999999999997
0 264.40000000000003
1 336.00000000000006
2 338.5454545454546
0 341.6
0 345.33333333333337
1 356.00000000000006
1 372.3636363636363
2 376.0
1 384.36363636363626
0 388.00000000000006
1 389.4545454545454
3 391.99999999999994
0 401.20000000000005
0 402.0
3 405.33333333333337
0 408.00000000000006
1 409.7777777777777
3 412.0
0 421.5
1 440.0
1 441.7777777777777
2 483.99999999999994
1 485.6
1 496.0000000000001
1 497.20000000000005
0 510.66666666666663
1 515.1111111111111
0 517.7777777777777
3 529.3333333333333
2 531.9999999999999
3 533.7777777777777
2 544.0
1 561.3333333333334
1 593.3333333333333
2 661.1999999999999
1 792.0
0 800.0000000000001
3 817.090909090909
0 821.3333333333333
3 822.5454545454543
3 825.4545454545453
2 836.0000000000001
3 837.4545454545455
1 848.0000000000002
0 864.3636363636363
1 897.818181818182
0 901.3333333333334
2 912.0
1 913.3333333333334
3 915.9999999999999
0 917.4545454545454
0 920.0
0 921.2
0 932.0000000000002
1 933.6000000000003
1 936.0000000000001
3 936.4444444444445
0 938.0
2 948.0
1 964.0
1 968.0
1 972.0
2 981.5
1 984.0000000000001
0 985.5
3 1000.0000000000001
0 1004.0
3 1013.142857142857
2 1015.9999999999999
1 1024.5714285714284
0 1027.9999999999998
3 1030.2857142857142
0 1034.0
1 1036.0
3 1048.8000000000002
2 1084.6666666666665
1 1086.6666666666665
3 1097.6
3 1100.0
2 1109.3333333333333
2 1111.3333333333333
1 1114.4
0 1123.9999999999998
1 1140.0
1 1143.3333333333333
3 1146.0
0 1212.0
1 1214.0
1 1224.0
0 1226.0
3 1230.0
0 1232.0
1 1240.0
0 1242.4
2 1276.0
3 1278.4
1 1288.0
2 1307.2000000000003
0 1315.9999999999998
3 1333.3333333333333
1 1368.0
2 1370.2857142857142
1 1380.0
0 1397.142857142857
2 1401.7142857142858
1 1404.0
0 1412.0
1 1414.285714285714
0 1416.6666666666665
3 1424.6666666666665
0 1426.6666666666665
2 1430.4
2 1434.4
1 1435.9999999999998
0 1443.1999999999998
3 1436.0
0 1440.0
0 1448.0
3 1468.0
2 1476.0
1 1477.0
0 1480.0
2 1489.3333333333333
1 1492.0
2 1493.3333333333333
3 1497.3333333333333
0 1502.0
0 1504.0
0 1508.0
1 1516.0
0 1534.0
0 1568.0
3 1632.0
2 1760.0
3 1762.6666666666665
0 2028.0
3 2046.0
3 2080.0
0 2088.7999999999997
1 2100.6666666666665
0 2118.6666666666665
1 2130.0
2 2133.0
3 2134.2857142857138
2 2137.714285714286
1 2138.0
3 2149.333333333333
0 2168.0
1 2169.714285714286
2 2199.9999999999995
1 2201.9999999999995
3 2270.4
2 2288.0
1 2304.0
3 2308.0
0 2310.5
0 2313.5
1 2316.0
0 2317.714285714286
0 2327.9999999999995
0 2345.714285714286
1 2378.2857142857138
1 2381.5
1 2392.0
0 2393.5
1 2394.8571428571427
0 2405.7142857142853
1 2408.0
2 2408.5714285714284
0 2410.0
0 2412.8
3 2416.0
2 2424.8
3 2444.0
0 2446.0
1 2452.0
0 2454.4
2 2464.0
3 2466.4
1 2469.6
0 2472.0
1 2475.0
0 2484.0
1 2500.0
0 2504.0
0 2507.0
2 2516.0
3 2548.0
2 2632.0
1 2633.333333333333
0 2636.0
2 2638.4
0 2648.0
1 2649.6
0 2652.0
3 2653.0
1 2664.0
0 2683.0
0 2685.6
0 2696.0
1 2697.6000000000004
3 2700.0
0 2701.0
2 2712.0
1 2728.0
2 2732.0
2 2740.0
1 2756.0
2 2789.0
3 2857.0
0 2860.0
1 2988.7999999999997
1 3000.8
1 3004.0000000000005
2 3012.0
1 3013.9999999999995
0 3016.0
0 3020.0
3 3021.6000000000004
3 3032.0
0 3048.0
0 3060.0
1 3091.999999999999
0 3094.0
3 3096.8
1 3100.0
0 3102.4000000000005
2 3103.0
0 3112.0
1 3113.0
0 3115.9999999999995
1 3127.9999999999995
2 3144.0
3 3160.0
0 3193.0
1 3198.0
0 3208.0
0 3212.0000000000005
2 3276.0
1 3277.6000000000004
3 3280.0
0 3281.0
1 3282.6666666666665
3 3294.666666666666
2 3297.333333333333
1 3305.333333333333
1 3322.6666666666665
0 3325.333333333333
3 3360.0
0 3362.0
2 3374.0
0 3376.0
1 3384.0
2 3400.0
1 3403.0
0 3413.0
0 3416.0
0 3418.0
2 3420.0
1 3427.9999999999995
2 3448.0
2 3480.0
1 3484.0
3 3492.0
0 3496.0
1 3498.0
3 3502.6666666666665
2 3512.0
3 3514.0
1 3516.0
0 3523.9999999999995
3 3544.0
0 3553.0
3 3568.0
2 3664.0
3 3954.0
1 3958.0
0 3961.0
3 4029.0
0 4063.999999999999
3 4582.666666666666
0 4602.285714285714
0 4605.714285714286
1 4616.0
0 4617.5
0 4628.0
1 4629.5
2 4642.285714285715
1 4680.0
0 4681.5
0 4684.5714285714275
2 4693.142857142857
3 4695.999999999999
0 4697.714285714285
2 4761.333333333333
1 4900.0
0 4904.5
1 4912.0
2 4930.5
2 4933.333333333333
0 4943.999999999998
1 4962.222222222223
0 4965.200000000001
0 4966.666666666667
0 4969.777777777777
0 4979.999999999998
0 4981.7777777777765
2 4984.0
1 4985.5
1 4996.0
0 4997.5
3 5012.571428571428
0 5045.714285714285
2 5049.714285714285
3 5060.5
3 5062.5
0 5073.0
1 5076.0
0 5077.0
2 5079.999999999999
3 5081.714285714286
0 5082.0
2 5094.0
1 5112.0
1 5144.0
0 5208.571428571428
1 5212.0
2 5213.714285714285
3 5224.0
0 5226.857142857143
0 5227.999999999999
1 5237.999999999999
0 5251.999999999999
3 5258.666666666666
2 5268.0
1 5284.571428571428
0 5289.5
1 5300.0
1 5301.5
1 5304.0
1 5305.714285714286
1 5316.0
1 5333.714285714284
0 5368.0
1 5376.5
0 5380.0
1 5381.5
1 5392.0
0 5393.5
2 5393.714285714285
0 5395.999999999999
1 5398.666666666666
0 5400.0
0 5410.4000000000015
3 5428.800000000001
0 5429.333333333333
2 5464.0
1 5537.333333333333
1 5553.714285714285
3 5557.5
1 5560.0
2 5690.285714285714
1 5948.0
0 5950.0
0 5961.0
1 5964.0
2 5972.0
3 5988.5
0 6024.5
3 6032.888888888889
2 6036.0
1 6040.000000000001
0 6041.333333333334
1 6043.0
1 6053.5
0 6070.0
0 6073.777777777778
2 6084.0
1 6085.333333333333
1 6086.5
0 6096.0
0 6112.0
0 6116.0
1 6117.5
2 6121.714285714284
1 6132.0
0 6133.5
2 6136.0
3 6167.999999999999
0 6169.714285714285
0 6171.999999999998
3 6182.666666666666
3 6185.999999999998
0 6188.0
1 6187.999999999999
3 6191.200000000001
0 6200.0
1 6212.0
0 6228.666666666666
2 6243.999999999998
1 6277.999999999998
0 6345.714285714284
3 6357.5
2 6360.0
0 6361.5
1 6372.0
0 6374.0
0 6376.0
1 6384.0
0 6401.714285714286
1 6405.333333333333
0 6406.857142857143
1 6409.333333333332
0 6419.999999999999
0 6422.285714285714
0 6423.999999999998
3 6432.0
0 6449.333333333331
0 6454.285714285713
1 6456.0
2 6477.333333333333
1 6489.999999999999
1 6492.0
0 6556.0
1 6685.600000000001
3 6696.666666666666
0 6697.333333333333
1 6700.0
0 6703.200000000001
3 6710.0
2 6728.800000000001
0 6735.0
3 6744.0
0 6759.999999999998
2 6764.000000000001
0 6774.4
1 6777.714285714285
2 6780.0
1 6788.666666666666
0 6792.0
1 6799.999999999999
1 6804.0
0 6805.999999999998
3 6836.0
2 6838.4
1 6842.0
0 6852.799999999999
1 6856.0
2 6872.0
1 6873.6
0 6876.0
3 6886.666666666666
2 6901.0
0 6906.0
2 6916.0
1 6917.599999999999
1 6919.0
0 6921.333333333332
0 6924.0
1 6925.333333333333
0 6928.0
1 6940.0
2 6956.0
3 6987.999999999999
0 7061.333333333333
3 7065.600000000001
1 7068.0
0 7069.0
2 7073.333333333333
3 7080.0
2 7097.333333333333
2 7101.333333333332
1 7112.0
2 7128.0
1 7163.0
1 7166.0
0 7176.0
1 7177.599999999999
1 7181.0
0 7191.0
1 7193.6
2 7196.0
1 7198.0
0 7198.666666666666
2 7210.666666666666
3 7212.0
2 7220.0
3 7238.666666666666
1 7239.999999999999
0 7241.333333333333
2 7251.999999999999
1 7269.333333333332
2 7304.0
1 7306.0
3 7310.0
0 7311.999999999999
1 7320.0
0 7323.999999999999
3 7326.0
2 7335.999999999999
1 7352.0
0 7352.0
1 7356.0
1 7360.0
2 7368.0
0 7392.0
1 7460.0
0 7470.0
0 7472.0
0 7474.0
1 7484.0
0 7486.0
2 7488.0
3 7496.0
2 7516.0
3 7520.0
2 7528.0
1 7544.0
3 7548.0
0 7556.0
1 7560.0
1 7562.0
0 7564.0
2 7576.0
1 7592.0
3 7626.0
2 7628.0
1 7630.0
0 7632.0
2 7644.0
0 7652.0
3 7668.0
0 7670.0
2 7682.0
1 7684.0
2 7686.0
0 7688.0
3 7692.0
1 7692.0
0 3.9999999999999987
1 5.428571428571427
1 15.428571428571423
0 17.428571428571427
3 20.000000000000004
0 21.230769230769237
0 24.0
1 25.666666666666664
3 28.000000000000004
0 37.09090909090909
1 55.99999999999998
0 65.0
1 68.00000000000001
0 69.33333333333333
2 72.0
1 81.09090909090912
2 99.99999999999996
1 132.33333333333331
3 135.99999999999997
0 145.0
0 146.66666666666666
3 149.33333333333331
0 152.0
1 160.36363636363637
0 164.0
3 165.45454545454547
0 168.00000000000003
1 175.99999999999997
3 193.6
0 197.8181818181818
0 200.0
1 208.80000000000004
0 228.00000000000006
3 229.45454545454544
1 232.0
0 241.20000000000002
3 244.00000000000003
0 245.20000000000005
2 247.99999999999994
3 249.77777777777777
0 252.0
3 253.5
0 264.0
1 280.5
0 316.0
1 388.88888888888874
0 390.8
1 392.8888888888888
0 396.0
0 404.8888888888889
2 416.00000000000006
1 433.2
2 464.79999999999995
2 469.45454545454555
0 471.99999999999994
1 480.4
0 484.0
1 485.20000000000005
2 488.0
0 496.88888888888874
1 513.3333333333334
0 516.8888888888888
2 520.0
3 528.0
2 545.3333333333334
1 580.4444444444445
2 648.0
1 784.3636363636363
2 786.6666666666664
1 789.0909090909091
3 792.0000000000001
2 800.7272727272729
1 804.0000000000002
1 820.3636363636363
2 822.5454545454545
2 833.0909090909091
1 835.9999999999997
1 837.4545454545455
1 847.2727272727275
2 849.4545454545456
0 852.0000000000001
1 853.2000000000002
3 855.9999999999999
1 857.5
2 860.0
1 876.0
0 915.5
1 918.6666666666667
2 922.0
3 931.9999999999999
2 936.0
3 944.4444444444445
0 952.5
2 955.9999999999999
3 966.0
2 969.5
1 972.0
1 973.5
0 976.0
1 985.142857142857
1 986.2857142857141
0 989.3333333333331
3 1008.0
0 1048.5714285714284
0 1060.0
3 1076.4444444444443
2 1139.9999999999998
1 1142.6666666666665
0 1145.5
0 1146.5
2 1149.7142857142858
3 1159.9999999999998
2 1164.0
3 1173.5
0 1176.0
1 1176.0
3 1178.2857142857142
2 1187.9999999999998
1 1206.2857142857142
0 1238.8571428571427
0 1248.5
1 1250.5
2 1253.7142857142858
3 1256.5
0 1258.2857142857142
1 1268.0
2 1286.2857142857142
0 1288.0
1 1297.7142857142858
0 1301.3333333333333
3 1303.9999999999998
2 1313.1428571428569
0 1332.0
3 1333.5
1 1336.0
2 1337.7142857142856
0 1339.9999999999998
3 1342.0
1 1351.9999999999998
0 1353.3333333333333
3 1368.0
0 1400.8
0 1407.2000000000003
3 1480.0
2 1608.0
3 1617.7142857142858
0 1637.7142857142856
1 1672.0
0 1927.9999999999998
1 1930.2222222222224
1 1941.3333333333335
3 1945.5
0 1956.0
1 1972.8000000000004
0 1974.0
0 1985.2
2 1987.9999999999998
1 1989.6
0 1992.0000000000002
3 1993.3333333333333
1 1996.0
0 1997.5
0 2008.0
2 2024.0
1 2028.0
0 2029.5
3 2029.7142857142858
1 2031.333333333333
1 2041.9999999999995
0 2052.0
1 2053.714285714286
2 2055.9999999999995
3 2058.6666666666665
1 2067.9999999999995
2 2069.9999999999995
1 2072.0
1 2074.4
2 2084.0
1 2085.6
3 2096.8
1 2115.9999999999995
0 2148.0
3 2216.0
0 2217.7142857142853
1 2235.9999999999995
0 2237.7142857142853
0 2240.0
2 2272.0
1 2280.6666666666665
1 2296.666666666666
0 2302.0
1 2312.0
2 2314.285714285714
1 2324.0
0 2325.714285714286
0 2328.6666666666665
3 2331.9999999999995
1 2340.6666666666665
2 2343.9999999999995
1 2345.9999999999995
3 2355.9999999999995
0 2372.0
2 2374.0
1 2376.6666666666665
0 2378.4
2 2382.0
3 2392.0
2 2408.7999999999997
3 2442.4
2 2509.333333333333
3 2510.6666666666665
3 2520.6666666666665
0 2524.0
1 2532.0
0 2547.9999999999995
1 2581.9999999999995
0 2585.6000000000004
3 2588.6666666666665
0 2596.666666666666
1 2706.666666666666
0 2732.0
1 2733.7142857142853
1 2744.0
0 2761.142857142857
2 2763.9999999999995
3 2772.0
2 2775.9999999999995
1 2777.7142857142853
1 2788.0
0 2803.9999999999995
3 2836.0
0 2902.2857142857138
1 2903.9999999999995
2 2912.5714285714284
1 2930.8571428571427
3 2937.5
0 2940.0
3 2948.5
1 2952.0
0 2953.5
0 2964.0
1 2965.5
3 2968.0
0 2969.714285714286
2 2980.0
1 2996.0
0 3027.9999999999995
2 3040.0
1 3042.0
3 3044.571428571428
0 3048.0
1 3064.0
1 3068.0
0 3069.7142857142853
2 3072.0
1 3079.999999999999
2 3091.999999999999
1 3108.5714285714284
3 3143.999999999999
2 3152.0
3 3154.0
2 3156.5
3 3160.0
1 3161.714285714286
3 3171.999999999999
2 3189.1428571428573
0 3192.0
3 3201.142857142857
3 3202.2857142857147
0 3205.333333333333
0 3207.9999999999995
2 3209.9999999999995
0 3212.0000000000005
1 3220.0
0 3236.0
1 3271.2000000000003
3 3272.8000000000006
0 3338.4
3 3475.999999999999
2 3479.999999999999
1 3488.0
2 3490.857142857142
0 3493.333333333333
1 3496.5714285714284
1 3500.0
1 3502.0
3 3760.0
0 4279.999999999999
3 4297.142857142857
0 4301.714285714284
3 4312.0
0 4328.5
1 4340.0
0 4341.777777777777
1 4343.999999999999
3 4344.5
1 4345.714285714285
3 4348.666666666666
0 4359.999999999999
1 4392.0
0 4458.857142857142
1 4468.0
0 4470.5
2 4471.999999999999
0 4482.285714285714
3 4499.999999999999
0 4504.0
0 4512.5
0 4530.0
3 4533.714285714286
0 4536.0
0 4538.0
2 4571.999999999999
1 4581.5
1 4583.0
1 4593.5
1 4612.0
1 4613.777777777777
0 4616.0
0 4617.5
2 4620.0
1 4628.5714285714275
2 4630.857142857142
0 4639.999999999999
1 4660.0
0 4661.5
2 4664.0
1 4672.0
0 4676.0
1 4693.714285714285
2 4728.0
1 4729.5
0 4795.999999999999
3 4932.0
0 4934.666666666666
0 4944.4444444444425
1 4948.0
0 4949.777777777777
2 4962.5
3 4968.0
0 5000.5
1 5005.5
0 5014.0
1 5017.714285714285
2 5028.0
1 5044.444444444444
2 5046.666666666666
1 5049.333333333332
0 5052.0
1 5053.5
1 5056.0
2 5064.0
0 5068.0
3 5074.857142857142
0 5078.857142857142
0 5089.714285714285
1 5103.999999999999
1 5107.999999999999
0 5109.714285714285
1 5112.0
2 5119.999999999999
1 5124.0
0 5156.666666666666
3 5161.333333333333
0 5164.0
1 5172.0
1 5176.0
0 5178.0
3 5180.0
0 5188.000000000001
2 5208.000000000001
1 5209.333333333333
0 5210.4
3 5230.0
0 5265.6
2 5270.666666666667
0 5274.0
2 5281.6
1 5350.0
0 5369.714285714285
3 5372.0
0 5373.714285714285
0 5383.999999999999
0 5385.714285714284
0 5388.0
1 5390.0
3 5400.0
0 5401.333333333333
1 5404.0
0 5412.0
1 5416.0
0 5418.4
3 5436.0
0 5468.000000000001
3 5480.0
0 5496.666666666666
2 5564.0
1 5700.0
2 5703.0
3 5968.0
0 5968.88888888889
1 5972.5
1 5975.999999999999
0 5977.5
1 5978.857142857143
0 5982.0
1 5988.666666666666
0 6007.999999999999
1 6017.714285714286
1 6020.571428571428
2 6032.0
1 6048.5
1 6080.5
0 6085.5
1 6088.0
0 6089.5
0 6100.0
1 6101.5
2 6101.714285714285
0 6103.999999999999
2 6106.400000000001
1 6116.666666666666
2 6120.0
1 6121.333333333333
2 6123.200000000001
2 6125.6
1 6136.0
1 6152.800000000001
0 6156.0
3 6164.000000000001
2 6184.000000000001
3 6217.333333333332
0 6228.0
3 6245.714285714286
2 6248.0
0 6249.714285714285
2 6259.999999999998
3 6261.714285714286
0 6324.0
1 6352.666666666666
3 6327.200000000001
1 6332.0
0 6340.8
3 6342.400000000001
1 6345.600000000001
0 6348.0
0 6350.0
2 6351.999999999999
3 6360.0
2 6380.0
0 6421.0
1 6424.000000000001
3 6441.0
2 6444.000000000001
0 6453.6
3 6457.599999999999
0 6460.0
0 6461.6
0 6472.0
1 6488.000000000001
0 6522.400000000001
1 6531.999999999998
2 6595.999999999999
3 6725.333333333332
0 6729.333333333332
1 6732.5714285714275
0 6734.0
1 6744.0
0 6747.999999999998
1 6749.333333333333
3 6752.0
0 6752.800000000001
2 6756.0
3 6767.0
2 6784.0
2 6816.8
1 6824.000000000001
2 6828.000000000001
0 6834.0
2 6840.0
1 6856.0
0 6860.0
3 6868.800000000001
1 6886.4000000000015
2 6890.4000000000015
1 6892.0
2 6902.400000000001
3 6904.666666666664
1 6908.000000000001
3 6940.0
0 7005.6
2 7016.8
3 7017.999999999999
0 7020.0
2 7028.800000000001
0 7032.0
0 7034.4
0 7044.000000000001
0 7060.8
1 7065.333333333332
1 7068.0
2 7076.0
1 7096.0
1 7098.4
0 7107.999999999998
1 7109.333333333333
2 7124.000000000001
1 7156.799999999999
1 7164.000000000001
1 7167.0
0 7176.0
1 7177.333333333332
2 7180.0
1 7189.600000000001
1 7191.999999999998
0 7194.4
3 7200.0
0 7216.0
1 7251.0
3 7256.0
2 7258.4
1 7261.0
0 7264.0
3 7272.0
0 7289.0
0 7292.0
2 7296.0
3 7304.0
2 7306.0
1 7309.333333333333
2 7318.666666666666
2 7321.0
1 7321.333333333333
3 7326.0
2 7334.0
3 7338.666666666666
1 7347.999999999999
0 7364.0
0 7365.333333333333
1 7366.0
2 7372.0
3 7382.0
0 7382.0
1 7384.0
3 7388.0
2 7392.0
0 7392.0
0 3.9999999999999987
1 5.428571428571427
0 15.999999999999995
0 17.428571428571427
1 20.000000000000004
0 21.53846153846154
2 24.0
1 33.00000000000001
2 49.33333333333333
0 53.53846153846154
1 63.999999999999986
1 65.23076923076924
2 67.99999999999999
0 69.33333333333331
1 70.54545454545455
0 81.0909090909091
1 98.18181818181819
1 133.0909090909091
0 135.99999999999997
3 144.33333333333334
0 147.99999999999997
1 149.33333333333331
3 151.99999999999997
0 161.09090909090907
3 180.00000000000003
0 181.33333333333331
2 183.99999999999994
1 193.09090909090907
1 196.00000000000003
0 197.0909090909091
0 200.0
1 208.80000000000004
1 212.0
0 213.6
2 223.20000000000002
1 240.8
3 276.0
2 341.0909090909091
3 342.1818181818182
2 345.2
1 348.00000000000006
0 356.40000000000003
1 371.99999999999994
0 377.20000000000005
2 386.00000000000006
2 389.4545454545454
0 391.99999999999994
1 400.4
3 404.0
0 405.6
1 407.9999999999999
0 409.7777777777777
0 412.0
1 421.5
0 440.0
0 472.00000000000006
3 476.0000000000001
0 485.33333333333326
0 504.0
3 505.60000000000014
3 515.2
0 517.2
2 520.0
1 528.4444444444445
0 532.0
3 533.7777777777777
0 536.0
0 537.5
0 548.0
1 564.5
0 566.5
2 576.0
3 593.0
1 628.0
0 693.3333333333334
1 825.1999999999999
0 836.0
1 837.4545454545455
2 848.0000000000002
1 849.0909090909092
0 850.0
0 852.8888888888887
0 855.9999999999999
2 864.8888888888889
1 883.9999999999999
3 916.0000000000001
2 918.8000000000001
3 921.3333333333331
0 932.0000000000002
0 948.3999999999999
1 952.0000000000002
0 960.4
1 963.9999999999999
0 965.1999999999998
0 968.0
0 969.7777777777777
1 980.0000000000001
0 996.8888888888887
0 1029.7777777777776
1 1095.5555555555557
0 1100.0
1 1108.3999999999999
2 1112.0000000000002
1 1120.4
2 1137.2
1 1140.4
2 1142.8000000000002
1 1153.2000000000003
0 1156.0
3 1157.2
2 1160.0
3 1161.3333333333333
0 1171.9999999999998
3 1173.7777777777776
0 1192.0
3 1193.3333333333333
1 1196.0
2 1204.5
2 1208.0
1 1210.0
0 1212.0
0 1213.7142857142856
3 1219.9999999999998
2 1240.0
3 1242.2857142857142
1 1252.0
0 1283.9999999999998
3 1285.7142857142858
1 1289.3333333333333
0 1300.0
2 1302.285714285714
2 1305.9999999999998
1 1308.0
0 1310.0
2 1312.0000000000002
1 1322.3999999999999
0 1339.9999999999998
0 1341.9999999999998
2 1344.0
1 1352.8000000000002
0 1356.0
1 1357.6000000000001
3 1368.0
2 1384.0
3 1418.4
1 1428.0
0 1445.3333333333333
3 1448.6666666666665
1 1452.0000000000002
0 1454.0
0 1464.0
1 1465.3333333333333
1 1476.0
0 1478.0
0 1480.0
0 1481.6
2 1496.0
3 1528.0
0 1532.0
3 1541.0
0 1544.0
0 1548.0
1 1558.0
2 1560.8
1 1564.0
0 1572.0
2 1628.0
3 1760.0
2 2017.0
1 2018.0
0 2018.6666666666665
3 2022.6666666666665
2 2034.6666666666665
3 2050.6666666666665
1 2060.0
0 2093.0
3 2099.0
2 2110.4
0 2124.0
1 2136.8
3 2187.2
3 2152.0
2 2156.8
1 2170.0
2 2179.9999999999995
0 2268.0
3 2277.7142857142853
2 2280.0
1 2288.0
2 2308.0
1 2312.0
0 2313.5
2 2313.714285714286
0 2318.0
3 2327.9999999999995
0 2329.7142857142853
1 2332.0
2 2334.0
0 2336.0
1 2344.0
0 2362.4
1 2372.6666666666665
3 2391.9999999999995
2 2424.0
1 2488.5714285714284
0 2628.5
1 2630.2222222222217
1 2632.5
2 2640.0
0 2644.0
1 2646.0
3 2656.5
0 2660.0
1 2661.5
2 2661.7142857142853
0 2663.333333333333
1 2665.9999999999995
2 2667.2
1 2670.4
3 2688.0
0 2695.2
0 2706.4
1 2710.0
2 2724.0000000000005
1 2728.0
3 2760.0
3 2764.0
0 2766.4
2 2776.0
3 2780.0
0 2782.4000000000005
3 2792.0
0 2793.6000000000004
2 2804.8
0 2824.0000000000005
1 2832.0
3 2856.0
3 2860.0
0 2861.6000000000004
1 2878.0
0 2880.0
1 2891.0
0 2900.8
3 2906.0
0 2907.9999999999995
1 2910.4
2 2976.0
1 2977.6000000000004
0 2980.0
1 2989.0
2 2992.0
1 3000.0
2 3020.0
0 3052.0
0 3064.0000000000005
1 3080.666666666666
1 3084.0
0 3086.0
1 3096.0
3 3102.4000000000005
0 3106.666666666666
1 3120.0
0 3124.8
3 3130.4
3 3137.6000000000004
3 3142.4
0 3144.0
1 3144.0000000000005
0 3146.0
2 3148.0
1 3149.333333333333
3 3152.0
1 3162.0
0 3180.0
1 3213.333333333333
0 3280.0
1 3282.0
1 3292.0
3 3420.0
0 3676.0
1 3688.0
0 3704.8
3 3741.6000000000004
2 3745.142857142857
0 3755.9999999999995
3 3780.0
0 3783.0
3 3793.0
0 3796.0
1 3798.0
2 4250.857142857143
3 4357.5
0 4361.777777777777
2 4368.5
1 4373.333333333333
0 4376.0
3 4385.0
1 4405.333333333334
2 4408.0
1 4416.888888888889
1 4420.000000000001
0 4421.777777777778
0 4432.0
1 4433.333333333333
2 4436.0
1 4438.0
2 4448.0
1 4465.0
1 4497.5
2 4565.0
0 4568.0
1 4576.888888888889
3 4595.999999999999
0 4597.6
0 4600.0
0 4601.333333333334
0 4612.0
1 4613.333333333333
3 4616.0
0 4625.0
2 4628.0
1 4629.5
2 4630.857142857142
2 4633.714285714285
0 4636.0
1 4637.333333333333
3 4652.0
2 4685.6
0 4698.0
1 4709.999999999999
0 4710.857142857142
0 4713.714285714284
1 4723.999999999999
0 4725.714285714285
3 4788.0
0 4792.0
2 4804.8
1 4937.333333333333
0 4941.999999999999
3 4951.333333333333
1 4967.999999999999
0 4980.0
1 4982.0
3 4992.0
0 5025.0
3 5029.777777777778
2 5030.0
0 5033.5
1 5044.0
0 5045.5
0 5048.0
3 5049.714285714285
1 5060.0
0 5075.999999999999
2 5080.0
1 5081.714285714284
0 5092.0
3 5107.999999999999
3 5112.0
0 5113.714285714284
0 5116.0
1 5117.999999999999
3 5120.0
0 5128.000000000001
0 5132.0
0 5156.0
3 5159.333333333333
0 5162.0
1 5164.0
0 5165.6
2 5168.0
3 5208.0
0 5288.000000000001
1 5291.333333333333
1 5302.0
0 5303.333333333333
1 5306.0
2 5308.000000000001
0 5316.8
3 5322.4
0 5330.400000000001
0 5347.999999999999
0 5352.0
1 5353.333333333333
2 5377.6
0 5355.0
0 5358.0
2 5361.333333333333
1 5370.666666666666
1 5388.0
0 5421.0
1 5423.0
0 5434.0
3 5436.0
2 5447.0
3 5464.0
0 5496.0
2 5500.8
1 5512.0
1 5575.999999999999
2 5580.0
1 5588.666666666666
3 5599.999999999999
0 5617.714285714284
0 5618.857142857143
0 5621.142857142857
0 5624.0
3 5626.0
1 5628.0
2 5628.000000000001
0 5630.0
1 5640.0
2 5769.333333333333
1 6044.0
2 6048.0
0 6056.666666666666
0 6067.999999999999
2 6084.0
0 6093.0
3 6092.800000000001
2 6098.0
1 6108.800000000001
0 6124.8
1 6156.799999999999
0 6224.666666666666
3 6236.666666666666
2 6248.0
1 6272.5
2 6274.222222222221
2 6276.888888888887
1 6277.5
0 6279.999999999999
1 6287.999999999998
2 6291.999999999998
3 6294.857142857142
3 6297.714285714285
0 6300.0
3 6301.333333333332
1 6304.000000000001
2 6312.0
1 6328.000000000001
2 6366.400000000001
3 6376.0
0 6393.714285714284
0 6394.857142857141
2 6404.0
0 6405.999999999999
3 6409.714285714286
0 6412.0
3 6413.999999999999
1 6423.999999999998
0 6441.333333333333
0 6441.999999999999
0 6451.999999999999
1 6453.999999999999
3 6457.333333333333
1 6460.0
3 6468.800000000001
0 6484.800000000001
0 6518.4
2 6588.000000000001
1 6597.142857142857
0 6600.0
3 6601.714285714286
1 6603.999999999998
3 6606.400000000001
0 6615.999999999998
3 6634.0
1 6636.0
2 6667.999999999999
1 6669.999999999999
0 6681.333333333332
0 6684.0
1 6685.333333333332
2 6696.0
1 6697.333333333333
0 6697.599999999999
2 6709.600000000001
1 6726.4000000000015
1 6737.333333333333
1 6738.666666666665
1 6742.0
3 6760.0
0 6761.333333333332
3 6763.200000000001
3 6773.6
2 6776.0
1 6776.799999999999
0 6780.0
1 6783.0
1 6792.0
0 6795.0
1 6796.0
1 6798.666666666666
1 6807.999999999999
1 6824.0
0 6860.0
3 6924.0
0 7054.0
1 7065.600000000001
1 7084.000000000001
0 7085.333333333332
0 7095.999999999998
0 7097.333333333332
3 7100.0
0 7110.4
1 7112.0
3 7114.0
0 7124.000000000001
0 7126.4000000000015
3 7136.0
0 7152.0
3 7184.800000000001
1 7188.000000000001
3 7191.0
3 7194.0
2 7204.000000000001
1 7220.0
2 7222.400000000001
1 7226.0
0 7228.000000000001
2 7228.0
1 7232.0
1 7239.999999999999
0 7244.0
1 7244.0
3 7252.0
0 7256.0
1 7260.0
1 7268.0
3 7284.0
0 7288.0
1 7292.0
1 7300.0
1 7304.0
1 7304.0
1 7308.0
1 7316.0
1 7336.0
1 7368.0
0 7434.0
1 7434.0
3 7446.0
1 7448.0
0 7450.0
2 7452.0
0 7460.0
0 7480.0
3 7514.0
3 7516.0
1 7526.0
2 7540.0
3 7546.0
0 7548.0
2 7556.0
3 7590.0
2 7594.0
2 7598.0
3 7608.0
0 7623.999999999999
3 7625.333333333332
0 7628.0
1 7636.0
3 7652.0
0 7656.0
1 7658.0
2 7662.0
0 7672.0
1 7674.0
3 7686.0
0 7688.0
0 7690.0
2 7700.0
1 7702.0
2 7736.0
1 7804.0
0 7940.0
1 8213.0
1 8726.400000000001
0 8728.800000000001
3 9756.0
0 9765.333333333332
0 9792.0
1 9824.571428571428
2 9888.0
1 10016.5
2 10021.5
1 10024.0
0 10027.0
2 10036.0
1 10053.5
0 10057.777777777777
1 10059.999999999998
3 10061.5
1 10064.0
0 10072.57142857143
1 10089.142857142857
0 10093.714285714286
3 10103.999999999998
0 10105.0
1 10108.0
2 10140.0
2 10148.571428571428
3 10153.714285714286
0 10156.0
3 10157.142857142857
2 10160.0
1 10162.0
2 10164.0
1 10174.4
0 10191.999999999998
1 10215.999999999998
3 10220.0
1 10230.4
2 10240.0
1 10241.5
3 10243.999999999998
0 10245.714285714284
0 10248.0
1 10249.999999999998
3 10252.0
0 10253.6
1 10268.0
0 10301.0
2 10369.0
1 10378.400000000001
3 10389.333333333334
0 10392.0
1 10400.666666666666
1 10417.333333333332
1 10421.142857142855
2 10424.0
1 10425.333333333334
0 10436.0
1 10437.333333333332
0 10439.2
3 10441.0
0 10451.0
2 10468.0
2 10472.0
1 10473.6
0 10476.0
2 10485.0
1 10490.4
2 10492.0
3 10532.0
2 10533.6
1 10555.0
2 10563.999999999998
1 10565.333333333332
0 10580.0
1 10584.0
1 10587.0
2 10597.600000000002
1 10599.999999999998
3 10632.0
0 10634.4
0 10636.000000000002
2 10644.0
3 10648.0
1 10657.0
0 10660.0
1 10661.0
0 10725.333333333332
3 10856.0
0 11115.0
2 11136.000000000002
2 11144.8
2 11192.0
3 11196.571428571428
2 11206.857142857141
2 11209.5
1 11209.714285714284
3 11213.333333333332
0 11216.0
1 11224.666666666664
2 11236.0
1 11251.999999999998
3 11264.0
0 11265.5
0 11268.0
2 11299.999999999998
3 11365.714285714284
2 11377.5
1 11380.0
2 11381.5
1 11392.0
0 11408.0
1 11412.0
0 11413.5
3 11426.285714285714
0 11460.571428571428
3 11465.142857142857
2 11468.5
1 11469.714285714284
3 11472.666666666666
0 11483.999999999996
0 11492.0
3 11509.142857142857
2 11520.0
0 11523.999999999998
1 11525.5
3 11525.714285714286
1 11528.571428571428
2 11530.0
0 11533.6
1 11544.0
1 11562.0
0 11572.0
1 11573.714285714286
3 11576.0
0 11578.0
0 11588.0
1 11590.0
3 11600.0
0 11602.0
0 11604.0
3 11606.400000000001
1 11607.0
3 11610.0
0 11620.0
0 11638.0
1 11680.0
3 11760.0
2 11762.285714285714
3 11765.999999999998
0 11768.0
1 11799.999999999998
0 11801.999999999998
3 11805.333333333334
0 11816.0
0 11818.0
3 11828.0
0 11829.333333333334
0 11832.0
2 11844.800000000001
0 11833.0
2 11840.0
1 11848.0
0 11864.0
0 11865.0
1 11866.666666666666
2 11870.666666666666
0 11872.0
2 11880.0
1 11900.0
0 11909.333333333332
3 11914.0
0 11916.0
0 11918.666666666666
0 11920.0
3 11922.0
1 11924.0
0 11932.0
0 11936.0
2 11944.0
1 11964.0
2 11996.0
0 12072.0
3 12211.0
2 12228.0
1 12243.999999999998
2 12246.0
3 12281.599999999999
0 12292.0
1 12293.714285714286
1 12295.999999999996
0 12298.0
2 12300.0
0 12308.800000000001
3 12312.0
2 12321.6
0 12339.999999999998
3 12340.8
0 12344.0
1 12346.400000000001
1 12348.0
1 12357.0
0 12360.0
1 12363.0
3 12364.0
0 12376.0
1 12376.0
1 12378.666666666666
1 12388.0
1 12403.999999999998
0 12439.999999999998
3 12504.0
0 12506.0
1 12517.0
0 12536.000000000002
1 12538.400000000001
3 12548.000000000002
0 12549.6
0 12552.0
1 12555.0
3 12556.0
1 12565.333333333332
2 12691.999999999998
1 12694.666666666666
0 12696.0
3 12712.0
0 12748.0
3 13003.999999999998
0 13013.333333333332
1 13017.333333333332
2 13030.0
2 13050.4
0 13052.0
1 13060.0
3 13094.4
0 13159.999999999996
2 13586.666666666664
3 13673.33333333333
1 13684.800000000001
2 13692.0
2 13695.0
0 13699.999999999998
1 13718.400000000001
0 13722.400000000001
3 13723.999999999996
0 13733.999999999998
1 13747.999999999996
3 13784.666666666664
3 13788.000000000002
0 13796.571428571428
0 13799.999999999998
1 13801.714285714284
1 13812.0
1 13813.142857142859
3 13831.999999999996
0 13834.285714285714
0 13836.0
3 13843.999999999996
0 13848.0
0 13849.999999999998
0 13852.0
3 13860.8
3 13876.800000000001
0 13912.8
1 13979.333333333332
1 13988.571428571426
1 13992.0
2 14120.0
1 14122.857142857141
0 14124.0
2 14134.666666666664
1 14152.571428571428
0 14180.0
1 14181.333333333332
1 14184.0
0 14185.5
0 14188.0
2 14188.0
0 14189.999999999998
3 14199.999999999998
2 14202.0
1 14204.0
3 14212.800000000001
3 14224.0
2 14225.333333333332
1 14228.000000000002
0 14229.6
3 14264.0
0 14265.599999999999
0 14268.0
1 14271.0
1 14280.0
0 14297.0
3 14299.999999999998
0 14311.0
3 14328.000000000002
0 14330.4
3 14340.0
0 14342.399999999998
0 14344.0
1 14347.0
1 14356.0
0 14357.0
1 14359.999999999998
1 14361.333333333332
3 14364.0
2 14372.0
1 14390.0
2 14425.333333333332
0 14432.0
3 14440.0
0 14457.0
1 14460.0
0 14462.0
3 14462.666666666664
1 14474.666666666664
2 14492.0
3 14532.0
2 14598.400000000001
1 14602.399999999998
0 14611.999999999996
0 14614.0
3 14616.000000000002
1 14618.0
0 14620.0
1 14630.0
0 14632.0
1 14634.0
0 14644.0
0 14646.0
2 14644.0
0 14648.0
2 14664.0
1 14674.0
1 14694.0
1 14698.0
0 14698.666666666666
2 14700.0
3 14710.0
3 14712.0
1 14712.0
1 14716.0
3 14724.0
2 14740.0
1 14776.0
2 14842.0
0 14844.0
1 14846.0
3 14856.0
0 14860.0
3 14868.0
0 14888.0
1 14890.666666666666
1 14899.999999999998
1 14902.666666666666
3 14904.0
0 14906.0
1 14908.0
1 14912.0
3 14920.0
2 14936.0
1 14968.0
0 14972.0
3 14984.0
1 14984.0
1 14988.0
1 14988.0
1 3.9999999999999996
0 5.428571428571427
0 7.999999999999998
1 16.923076923076923
1 20.000000000000004
0 21.538461538461544
2 24.0
1 33.00000000000001
0 49.99999999999999
1 53.0
2 55.99999999999998
3 64.33333333333334
1 67.99999999999999
0 69.33333333333333
0 72.0
1 73.45454545454545
2 76.0
1 85.20000000000002
1 86.4
2 105.33333333333334
1 136.79999999999998
2 149.45454545454547
3 151.99999999999997
0 161.09090909090912
0 177.45454545454544
3 181.09090909090907
2 192.0
1 193.0
0 195.99999999999997
3 197.81818181818184
0 200.0
3 208.80000000000004
1 212.00000000000006
1 213.60000000000002
0 216.0
3 223.99999999999997
0 228.00000000000003
3 228.8888888888889
1 239.99999999999994
1 256.8888888888889
0 291.99999999999994
1 372.4
0 376.0
3 384.36363636363626
3 388.00000000000006
0 389.45454545454544
0 391.99999999999994
1 401.20000000000005
3 420.0
0 452.0000000000001
1 455.9999999999999
2 464.0
1 468.0000000000001
3 469.4545454545456
0 471.99999999999994
1 481.20000000000005
1 496.0000000000001
0 500.79999999999995
0 504.0
3 505.2000000000001
0 506.66666666666674
0 509.33333333333337
0 510.5
3 521.5
2 524.0
1 532.0
1 544.0
2 560.4444444444445
1 564.0
0 595.9999999999999
1 660.4444444444445
2 665.5999999999999
1 676.0000000000001
2 693.2
1 695.9999999999999
0 703.9999999999999
3 819.6
0 834.4000000000001
2 838.4000000000001
1 840.4444444444445
0 852.0000000000001
0 852.8000000000002
2 872.0000000000001
1 903.9999999999999
2 906.8000000000001
1 909.5999999999999
3 920.0
2 921.1999999999999
1 923.9999999999998
0 933.3333333333333
0 934.6666666666666
0 945.3333333333335
3 963.9999999999999
0 965.1999999999999
0 968.0
1 969.7777777777777
1 972.0
2 980.0
1 981.5
3 995.9999999999998
0 1004.0
3 1012.5
2 1016.0
1 1017.5
0 1017.7142857142856
2 1021.7142857142854
3 1023.9999999999999
0 1032.0
1 1048.0
2 1082.6666666666667
1 1156.0
3 1159.9999999999998
2 1161.5
2 1164.5714285714284
3 1184.0
2 1200.8888888888887
2 1236.0
1 1237.6
0 1240.0000000000002
1 1241.3333333333335
3 1248.0
3 1252.0
0 1254.0
2 1257.5
0 1260.0
1 1275.9999999999998
0 1278.857142857143
0 1279.9999999999998
1 1290.6666666666665
0 1301.142857142857
0 1303.9999999999998
1 1313.7142857142858
1 1329.7142857142856
0 1364.0
1 1429.5
3 1432.0
1 1558.2857142857142
0 1821.5
3 1832.0
0 1856.0
3 1858.5454545454545
3 1861.4545454545453
0 1864.0000000000005
3 1865.6000000000001
1 1876.0
2 1892.0000000000002
1 1925.6000000000001
0 1928.4444444444443
1 1940.0000000000005
0 1941.4545454545457
0 1942.8000000000002
0 1952.4000000000003
3 1970.4000000000003
1 1973.0909090909092
1 1984.0000000000005
0 1985.4545454545457
0 1987.9999999999998
0 1989.2
2 1991.9999999999995
0 2000.8888888888887
1 2004.0000000000002
0 2005.3333333333333
2 2005.5
3 2009.7142857142858
2 2010.8571428571427
2 2021.1428571428569
1 2039.9999999999995
0 2041.5
3 2072.5714285714284
0 2140.0
1 2149.0
0 2169.5
0 2172.0
1 2173.333333333333
2 2173.5
0 2185.5
1 2196.0
0 2197.333333333333
0 2199.9999999999995
0 2201.5
2 2204.0
1 2205.7142857142853
0 2223.9999999999995
3 2263.9999999999995
0 2265.5
1 2269.142857142857
2 2280.0
3 2296.0
2 2297.5
1 2301.142857142857
2 2308.571428571429
2 2313.7142857142853
0 2324.0
1 2325.5
1 2328.0
2 2336.0
2 2340.0
1 2341.714285714286
3 2343.9999999999995
0 2360.0
3 2402.6666666666665
0 2468.0
0 2487.9999999999995
1 2489.333333333333
3 2492.0
1 2616.571428571429
1 2628.5714285714284
0 2631.9999999999995
3 2633.5
0 2644.0
0 2646.5
2 2665.142857142857
3 2700.0
0 2707.9999999999995
0 2712.0
1 2713.3333333333335
2 2720.0
1 2723.0
3 2739.4285714285716
0 2744.0
2 2747.0
2 2749.7142857142853
1 2760.0
2 2761.0
0 2772.0
0 2774.0
1 2776.0
3 2777.7142857142853
1 2778.0
3 2781.6000000000004
0 2792.0
0 2800.666666666666
1 2820.0
0 2852.5714285714284
1 2856.0
2 2856.5714285714284
1 2858.6666666666665
0 2930.4
3 2949.714285714286
0 2953.5
1 2953.714285714286
3 2957.7142857142853
0 2968.0
3 2969.142857142857
1 2972.0
2 2996.0
3 3027.9999999999995
0 3030.857142857142
1 3033.3333333333335
0 3042.6666666666665
1 3058.0
0 3063.9999999999995
3 3073.7142857142853
0 3078.0
1 3080.0
0 3081.7142857142853
0 3090.857142857143
1 3093.142857142857
3 3094.0
2 3112.0000000000005
1 3113.333333333333
3 3116.8
0 3127.999999999999
0 3138.0
3 3171.999999999999
0 3237.7142857142853
0 3238.857142857142
3 3242.0
2 3393.333333333333
3 3397.3333333333335
0 3400.0
3 3402.0
1 3659.999999999999
0 3669.5
1 4197.5
0 4201.6
1 4204.0
3 4235.999999999999
0 4240.000000000001
3 4248.888888888889
0 4252.0
1 4261.777777777778
3 4280.0
0 4281.6
0 4284.0
1 4293.777777777777
0 4304.0
1 4320.4
0 4324.0
1 4325.6
0 4327.999999999999
1 4337.333333333333
1 4340.0
0 4341.777777777777
0 4344.0
1 4345.5
3 4356.0
0 4372.0
0 4376.0
1 4378.0
1 4380.0
0 4388.5714285714275
2 4424.0
3 4488.5
0 4496.5
3 4500.0
2 4503.0
2 4506.0
0 4508.0
1 4509.714285714285
1 4520.0
0 4536.571428571428
2 4571.999999999999
1 4573.5
0 4580.5714285714275
2 4585.714285714285
3 4612.0
2 4613.333333333333
0 4616.0
1 4624.5
2 4644.0
1 4645.333333333333
0 4648.0
1 4648.5
2 4649.714285714285
0 4660.571428571428
1 4672.0
1 4673.5
0 4674.857142857143
1 4677.714285714285
2 4680.0
0 4682.0
0 4684.0
3 4692.0
0 4694.4
2 4704.0
1 4696.0
0 4697.333333333333
2 4706.0
1 4728.0
0 4730.0
3 4740.0
0 4788.0
0 4792.0
1 4793.6
2 4796.0
2 4806.0
1 4808.0
3 4808.0
0 4812.0
0 4812.0
1 4822.0
0 4849.333333333333
3 4881.0
2 4948.0
3 5077.6
3 5082.0
0 5083.999999999999
1 5085.6
3 5089.0
0 5097.0
3 5117.599999999999
2 5120.0
1 5130.400000000001
1 5160.0
0 5225.6
0 5234.4
1 5254.666666666666
3 5258.4
0 5268.0
1 5286.285714285714
1 5289.5
2 5289.714285714286
0 5301.714285714284
3 5312.0
0 5313.5
2 5316.0
1 5317.714285714286
0 5335.999999999999
1 5368.571428571428
0 5372.0
1 5373.714285714285
0 5383.999999999999
1 5385.714285714285
2 5388.0
1 5389.333333333333
0 5392.0
1 5400.0
2 5412.0
1 5428.666666666667
2 5462.0
1 5464.0
1 5467.999999999999
0 5476.0
1 5493.333333333333
2 5496.666666666667
0 5500.0
2 5508.666666666667
2 5512.0
1 5513.333333333334
0 5516.0
2 5524.8
3 5544.0
0 5546.0
1 5576.0
0 5642.400000000001
1 5652.0
2 5656.0
3 5657.333333333333
0 5659.2
0 5669.6
1 5680.0
2 5810.4000000000015
3 6083.999999999999
2 6086.0
3 6089.142857142856
0 6092.0
3 6093.714285714286
0 6095.333333333333
1 6096.0
3 6100.0
0 6116.0
1 6134.0
3 6138.0
0 6139.999999999999
3 6142.0
3 6151.999999999999
0 6168.0
0 6171.999999999998
0 6181.999999999998
1 6216.0
0 6281.142857142856
0 6283.999999999999
1 6292.571428571428
3 6296.0
0 6305.142857142857
0 6306.285714285714
1 6309.333333333333
2 6312.0
1 6314.0
0 6328.000000000001
0 6340.0
3 6357.999999999999
0 6390.666666666665
3 6402.666666666665
0 6406.0
1 6408.0
0 6409.142857142857
3 6411.999999999998
0 6413.999999999999
3 6420.8
0 6440.8
0 6444.000000000001
3 6454.0
3 6454.666666666666
2 6481.6
1 6464.800000000001
0 6470.4000000000015
1 6471.999999999998
0 6474.4
0 6476.0
1 6478.0
1 6488.0
1 6504.0
0 6538.0
0 6602.0
0 6612.0
2 6744.000000000001
1 6746.0
0 6749.333333333333
3 6764.000000000001
0 6767.200000000001
1 6777.6
2 6780.0
3 6789.6
0 6793.333333333333
3 6795.2
0 6798.4
2 6804.0
0 6807.999999999999
1 6824.0
2 6858.0
2 6866.4000000000015
1 6885.600000000001
3 6890.0
0 6894.4
1 6904.000000000001
2 6905.333333333332
0 6915.999999999998
1 6917.999999999999
1 6919.999999999999
0 6921.6
0 6924.000000000001
2 6924.0
3 6945.333333333333
0 6981.0
1 7051.0
2 7052.666666666665
1 7056.0
0 7064.000000000001
1 7081.6
0 7114.4
2 7116.0
3 7124.800000000001
0 7128.800000000001
3 7140.666666666666
3 7143.333333333332
1 7152.0
0 7153.333333333332
2 7156.666666666666
1 7160.0
2 7161.6
0 7176.0
1 7180.0
2 7190.0
1 7192.0
0 7194.0
0 7196.0
0 7203.999999999999
0 7208.0
0 7210.666666666666
0 7212.0
1 7214.0
0 7224.0
0 7240.0
0 7244.0
1 7252.0
0 7256.0
1 7258.0
0 7260.0
3 7276.0
2 7280.0
1 7288.0
1 7320.0
2 7388.0
3 7524.0
0 7781.333333333333
0 8296.0
3 9338.0
2 9344.0
3 9355.333333333332
1 9387.999999999998
2 9395.999999999998
1 9417.714285714284
0 9427.999999999998
1 9444.444444444445
1 9446.666666666668
0 9449.333333333332
3 9449.5
1 9450.857142857143
2 9461.714285714286
3 9496.0
0 9504.5
0 9508.5
0 9512.0
1 9520.0
2 9598.5
1 9604.0
2 9605.333333333334
3 9609.777777777776
0 9612.0
1 9619.5
0 9624.0
3 9625.5
1 9636.0
0 9653.0
2 9656.0
3 9657.5
1 9660.0
0 9668.0
0 9700.0
1 9702.857142857141
1 9712.571428571428
2 9707.333333333332
1 9718.0
2 9737.142857142857
1 9748.0
0 9764.0
1 9767.0
1 9769.714285714284
0 9780.0
1 9782.0
3 9815.999999999998
0 9888.0
3 10033.333333333332
3 10037.333333333334
0 10040.0
3 10041.6
1 10044.0
0 10052.444444444443
1 10056.0
2 10064.000000000002
1 10084.0
2 10117.2
1 10120.0
1 10121.2
2 10124.0
1 10132.444444444443
0 10136.000000000002
1 10137.777777777777
1 10147.999999999998
1 10164.444444444443
0 10168.0
2 10176.0
1 10180.0
0 10181.333333333332
0 10192.0
3 10208.000000000002
0 10210.666666666664
3 10213.0
2 10216.0
1 10248.0
0 10252.0
1 10253.0
2 10256.0
1 10263.999999999998
3 10268.0
0 10277.142857142857
3 10293.714285714286
0 10297.5
0 10299.999999999998
0 10309.142857142855
0 10310.285714285714
3 10313.333333333332
0 10322.666666666666
3 10325.714285714286
0 10328.0
3 10330.0
1 10334.400000000001
2 10353.6
3 10421.999999999998
0 10424.57142857143
1 10426.0
3 10429.6
0 10440.0
0 10441.333333333332
1 10460.0
0 10491.999999999998
0 10496.0
3 10503.999999999998
2 10505.333333333332
0 10516.666666666666
0 10518.0
1 10520.8
2 10524.0
3 10532.8
1 10552.0
3 10580.8
0 10585.999999999998
1 10586.4
3 10589.6
2 10594.400000000001
0 10604.0
1 10620.0
0 10623.2
0 10624.8
3 10633.0
0 10636.0
1 10645.0
0 10648.0
3 10652.0
3 10662.0
0 10664.0
3 10666.0
0 10668.0
3 10670.666666666666
1 10680.0
1 10697.333333333332
0 10700.0
1 10704.0
3 10712.0
0 10732.0
1 10732.0
2 10740.0
1 10742.666666666666
3 10744.0
0 10746.0
2 10744.0
0 3.9999999999999987
1 5.428571428571427
1 7.999999999999998
0 16.923076923076923
2 20.000000000000004
1 21.230769230769237
0 24.0
2 33.0
1 49.33333333333333
2 53.0
0 56.00000000000001
1 65.0
3 67.99999999999999
1 69.66666666666666
0 72.0
1 73.45454545454545
2 76.0
1 85.6
0 104.0
1 137.0909090909091
2 148.00000000000003
1 149.33333333333334
1 151.99999999999997
2 153.45454545454544
0 164.0
2 180.36363636363637
2 183.99999999999994
1 185.4545454545454
0 188.00000000000003
1 197.6
0 200.00000000000003
1 201.60000000000002
3 203.99999999999994
0 213.33333333333331
1 230.66666666666666
1 264.0
3 268.0
2 340.4
3 342.5454545454545
1 345.09090909090907
1 346.40000000000003
2 349.20000000000005
3 355.99999999999994
2 374.66666666666663
3 385.20000000000005
2 389.45454545454544
1 391.99999999999994
2 393.6
3 404.0
2 421.20000000000005
3 456.0000000000001
2 457.4545454545454
0 460.0
1 468.4000000000001
1 472.00000000000006
0 473.20000000000005
3 480.44444444444434
0 483.11111111111103
0 485.77777777777777
2 489.5
1 499.0
1 517.3333333333333
0 520.0
1 528.4444444444445
2 531.9999999999999
1 533.7777777777777
0 534.0
2 545.5
1 564.0
1 564.8888888888889
1 567.9999999999999
0 570.0
2 579.0
0 573.7142857142857
2 576.0
1 585.3333333333333
3 620.0
2 692.5714285714286
0 824.0
3 848.4444444444442
0 865.1999999999999
1 897.6000000000001
0 901.5999999999999
0 905.3333333333334
1 915.9999999999999
0 917.4545454545454
3 920.0
0 928.4000000000001
3 931.9999999999999
0 933.2000000000002
1 936.0
0 937.7777777777778
2 950.5
1 954.0
3 955.9999999999999
3 967.9999999999998
0 978.0
0 980.888888888889
1 983.0
1 985.5
2 997.7142857142858
1 1002.8571428571429
0 1013.7142857142856
1 1047.9999999999998
2 1116.0
1 1125.3333333333335
0 1128.0
1 1129.3333333333333
1 1132.0
1 1141.0
1 1144.0
0 1146.0
2 1148.0
3 1172.0
0 1188.0
0 1192.0
1 1193.5
2 1197.142857142857
1 1227.9999999999998
2 1231.4285714285716
2 1242.857142857143
1 1252.0
1 1256.0
2 1257.5
1 1268.0
3 1284.0
1 1288.0
2 1289.5
2 1299.0
1 1301.5
1 1304.0
0 1305.7142857142858
2 1308.0
3 1308.6666666666667
2 1311.2000000000003
0 1320.0
3 1338.4
1 1380.0
2 1444.5714285714282
1 1577.7142857142856
2 1836.0
3 1843.5555555555554
2 1862.2222222222222
2 1865.5
1 1876.0
2 1877.1999999999998
3 1880.0
0 1881.3333333333335
0 1883.0
0 1885.5
2 1894.857142857143
1 1912.0
0 1944.0
3 1953.5
2 1973.5
1 1976.0000000000005
0 1984.8888888888885
0 1986.222222222222
2 1989.7777777777776
3 1992.4444444444441
2 1994.0
2 1997.142857142857
1 2008.0
1 2024.5
0 2028.0
1 2029.5
3 2040.0
0 2041.5
1 2076.0
2 2140.0
2 2152.0
1 2168.8888888888887
0 2172.0
1 2180.8888888888887
1 2182.222222222222
2 2192.888888888889
1 2196.0
0 2197.7777777777774
2 2200.0
0 2208.0
1 2225.5
3 2260.0
2 2262.6666666666665
2 2265.777777777778
3 2276.0
2 2292.888888888889
0 2296.0
1 2304.4444444444443
0 2308.0
0 2309.7777777777774
0 2320.0
0 2336.444444444445
0 2338.6666666666665
0 2341.777777777778
1 2343.9999999999995
2 2344.0
0 2345.7142857142853
2 2357.142857142857
3 2360.0
1 2361.714285714286
1 2364.0
1 2373.333333333333
1 2375.333333333333
1 2378.4
0 2379.9999999999995
0 2381.6
2 2384.0
3 2392.0
0 2408.0
3 2448.0
0 2465.6000000000004
2 2504.0
1 2569.7142857142853
1 2572.0
0 2576.0
3 2712.0
0 2713.5
2 2716.0
0 2725.142857142857
1 2752.5
0 2756.0
1 2757.333333333333
1 2759.999999999999
0 2761.5
2 2772.0
1 2789.5
0 2792.0
3 2820.5
2 2828.0
1 2836.0
3 2893.7142857142853
0 2905.5
1 2908.0
0 2917.5
0 2934.0
1 2937.7142857142853
0 2939.0
1 2949.5
2 2959.9999999999995
3 2961.777777777778
0 2964.0
1 2965.5
3 2968.0
1 2970.0
0 2971.9999999999995
3 2974.0
1 2974.3999999999996
1 2984.0000000000005
3 2986.0
0 2988.0
1 3004.0
1 3016.0
0 3016.8
3 3022.0
2 3056.0
1 3063.2000000000007
0 3080.0
1 3084.0000000000005
2 3086.4000000000005
3 3090.4
0 3100.0
1 3108.0
0 3127.2
2 3135.9999999999995
3 3137.3333333333326
0 3140.0
3 3142.4
0 3144.0
0 3147.0
2 3156.0
3 3175.0
0 3208.0
0 3210.4
0 3212.0
1 3221.0
0 3224.8000000000006
1 3226.0
1 3228.0
3 3237.333333333333
1 3244.0
0 3260.0
2 3300.0
1 3302.4000000000005
2 3306.0
3 3372.0
0 3373.6000000000004
3 3376.0
2 3384.0
1 3528.0
0 3784.8
1 4299.2
1 4311.333333333333
2 4329.714285714284
1 4364.0
2 4376.0
1 4377.777777777777
3 4444.0
2 4452.888888888889
2 4469.333333333333
2 4480.8
0 4483.999999999999
1 4485.6
3 4487.999999999999
0 4497.333333333334
2 4500.0
1 4501.333333333333
0 4504.0
1 4505.0
2 4508.0
3 4524.0
2 4533.714285714286
1 4536.0
3 4540.0
0 4541.714285714285
2 4543.999999999999
1 4552.0
0 4567.999999999999
1 4601.999999999999
3 4606.400000000001
0 4616.0
1 4618.857142857143
0 4629.714285714284
1 4630.857142857142
1 4633.714285714285
3 4636.0
0 4644.0
0 4661.333333333333
1 4664.0
1 4668.0
0 4677.333333333333
2 4695.999999999999
1 4729.142857142857
1 4792.571428571428
0 4796.571428571428
3 4944.0
0 4945.2
1 4960.444444444445
1 4964.0
0 4965.777777777778
2 4969.5
3 5004.0
0 5012.444444444443
3 5014.222222222221
1 5016.0
0 5025.0
1 5028.0
2 5029.5
1 5030.857142857143
0 5032.0
2 5042.666666666667
2 5046.0
3 5049.714285714285
0 5052.0
3 5053.333333333333
2 5054.400000000001
0 5065.6
1 5083.999999999999
0 5092.0
1 5110.666666666666
1 5114.0
0 5124.0
1 5140.5714285714275
1 5174.285714285714
1 5240.5
2 5252.0
1 5253.333333333334
2 5254.5
2 5257.5
3 5260.0
2 5261.714285714286
0 5271.999999999999
1 5288.0
0 5290.285714285714
0 5299.999999999999
2 5304.0
0 5324.8
3 5338.4
2 5340.571428571428
0 5352.0
3 5353.714285714285
2 5356.0
1 5358.0
2 5360.0
1 5370.4
2 5380.0
3 5398.0
3 5398.666666666666
2 5402.400000000001
1 5410.400000000001
0 5412.0
1 5415.2
1 5417.6
2 5420.0
1 5422.0
1 5432.0
3 5448.0
2 5451.0
0 5452.0
2 5464.0
1 5480.0
2 5515.0
3 5580.0
2 5581.6
0 5592.0
1 5593.6
3 5605.6
1 5624.0
0 5625.333333333333
3 5628.000000000001
1 5636.799999999999
2 5640.0
1 5640.8
0 5641.0
0 5652.0
1 5655.0
1 5656.0
2 5657.333333333333
3 5660.0
2 5670.0
1 5670.0
3 5688.0
2 5724.0
3 5732.0
1 5736.0
1 5737.333333333333
0 5740.0
1 5750.0
0 5754.666666666666
3 5756.0
0 5764.0
2 5780.0
3 5814.0
3 5824.0
2 5841.333333333333
3 5848.0
0 5856.0
3 5859.0
0 5860.0
1 5861.333333333333
0 5864.0
1 5868.0
2 5876.0
3 5894.0
3 5896.0
1 5896.0
2 5896.0
0 3.9999999999999987
0 5.428571428571427
0 15.428571428571423
3 17.428571428571427
2 20.000000000000004
0 21.538461538461544
1 24.0
0 33.0
1 50.0
0 52.333333333333336
1 54.66666666666666
3 64.33333333333334
0 67.99999999999999
1 69.33333333333331
3 72.0
0 81.0909090909091
1 100.00000000000001
0 132.66666666666666
1 144.0
1 145.53846153846155
0 147.99999999999997
1 149.33333333333334
1 160.0
2 176.33333333333331
1 178.66666666666666
1 181.66666666666666
1 184.0
0 192.36363636363632
1 195.99999999999997
0 197.0909090909091
1 200.00000000000003
0 201.6
1 203.99999999999994
2 213.77777777777774
0 231.99999999999997
1 233.60000000000002
2 236.00000000000003
1 245.33333333333331
0 247.99999999999994
1 249.77777777777774
0 252.0
1 261.0
1 280.0
2 320.4444444444444
1 388.00000000000006
0 389.4545454545454
0 391.99999999999994
1 401.20000000000005
1 402.4
2 420.44444444444446
1 424.0
3 452.44444444444446
2 465.6
2 469.33333333333337
2 472.00000000000006
3 473.59999999999997
1 484.0
2 501.20000000000005
1 504.0
0 513.2
0 516.0000000000001
3 517.6
1 520.0
0 521.7777777777778
1 531.9999999999999
0 548.4444444444445
2 584.0000000000001
1 649.1999999999998
0 652.0000000000001
2 779.9999999999998
1 789.6000000000001
2 793.3333333333334
1 804.0000000000002
2 805.4545454545457
0 808.0
1 816.8000000000001
1 834.0000000000001
0 837.2000000000002
1 840.0
2 848.4000000000001
1 868.0
0 869.4545454545453
0 872.0000000000002
1 880.8
1 883.9999999999999
0 885.5999999999999
0 887.9999999999998
3 896.4444444444443
2 932.0000000000002
3 948.0
0 952.0000000000002
3 953.6000000000001
0 955.9999999999998
1 957.3333333333331
2 957.5
0 969.5
3 972.0
0 980.0
1 984.0
0 993.5
1 1012.0
0 1013.7777777777778
0 1016.0000000000001
1 1024.5
0 1027.0
0 1030.0
3 1032.0
0 1040.5714285714284
0 1060.0
1 1092.5
3 1096.0
1 1104.5714285714284
0 1122.0
0 1156.4444444444443
0 1160.0
1 1224.0
1 1235.9999999999995
0 1237.6
3 1247.9999999999998
0 1249.6000000000001
2 1268.0
3 1269.6000000000001
0 1272.0000000000002
3 1273.3333333333333
1 1284.0
0 1285.3333333333333
3 1285.5
1 1289.142857142857
2 1292.0
1 1293.7142857142856
0 1296.0
3 1306.0
1 1316.0
0 1333.7142857142856
1 1336.0
2 1367.9999999999998
1 1433.1428571428569
0 1437.3333333333333
3 1448.0
2 1456.5
3 1472.5
0 1477.3333333333333
1 1480.0
0 1481.5
3 1484.0
0 1484.5714285714284
1 1488.0
0 1496.6666666666665
2 1516.0
1 1556.5714285714284
0 1560.0
1 1568.5
1 1572.0
2 1588.5
3 1720.0
0 1977.3333333333335
2 1980.0
1 1981.7777777777778
0 1987.5
1 1990.0
0 1993.7142857142856
3 2004.5
3 2006.5
3 2009.5
2 2009.7142857142856
0 2021.1428571428569
3 2038.285714285714
3 2041.0
0 2073.142857142857
3 2140.5
0 2149.5
1 2160.0
2 2178.222222222222
3 2181.2000000000003
0 2184.0
2 2185.5
1 2196.0
1 2197.7777777777774
0 2200.0
1 2208.5
1 2225.5
0 2257.5
3 2264.0
1 2265.5
0 2276.0
1 2277.3333333333335
2 2292.5
2 2296.0
3 2298.0
2 2301.7142857142853
1 2312.0
2 2313.5
1 2324.0
0 2325.5
2 2327.9999999999995
1 2336.0
3 2340.0
2 2341.714285714286
1 2344.0
0 2343.9999999999995
2 2347.2
1 2356.0
1 2374.4
2 2410.0
1 2472.6666666666665
0 2612.0
3 2629.5
0 2640.0
3 2644.0
2 2645.7777777777783
3 2647.0
3 2650.0
0 2651.9999999999995
0 2653.7142857142853
1 2655.9999999999995
0 2665.9999999999995
1 2683.3333333333335
3 2716.0
2 2725.714285714286
1 2736.0
0 2738.5
3 2753.142857142857
2 2756.5714285714284
1 2758.285714285714
1 2768.5714285714284
1 2786.285714285714
3 2820.5
2 2824.5
0 2832.5
0 2837.5
2 2901.142857142857
1 2905.7777777777774
0 2908.0
1 2916.5
3 2936.0
0 2937.333333333333
0 2939.999999999999
3 2941.5
1 2952.0
0 2954.0
1 2956.0
2 2964.0
1 2965.714285714286
3 2967.9999999999995
0 2970.6666666666665
2 2972.0
3 2980.8
2 2984.0
0 2985.333333333333
1 2988.7999999999997
0 2992.0
1 3003.0
0 3020.0
3 3068.0
0 3071.3333333333335
0 3082.0
2 3084.0000000000005
1 3091.999999999999
2 3093.999999999999
3 3097.9999999999995
0 3100.0
3 3108.0
0 3126.4
3 3129.333333333333
2 3132.0000000000005
1 3140.0
0 3158.4
2 3192.0000000000005
0 3195.9999999999995
3 3197.9999999999995
1 3207.9999999999995
0 3209.3333333333326
2 3212.0000000000005
3 3220.0
3 3224.0000000000005
0 3232.0000000000005
3 3235.2
2 3297.0
1 3428.0
2 3684.8
1 4199.2
1 4227.333333333333
2 4260.0
0 4289.5
1 4291.999999999999
2 4293.6
0 4296.0
0 4297.333333333334
2 4300.0
1 4308.5
1 4310.0
1 4320.0
0 4321.5
3 4322.857142857143
2 4341.999999999999
1 4376.0
1 4380.0
2 4381.5
0 4392.0
1 4393.5
2 4456.571428571428
1 4458.285714285714
3 4468.0
0 4487.428571428571
3 4498.285714285714
3 4502.0
2 4504.0
1 4520.0
2 4524.0
1 4533.0
0 4536.0
1 4544.5
0 4548.0
3 4596.0
0 4599.11111111111
3 4608.888888888889
0 4612.0
1 4613.777777777777
3 4616.0
1 4617.142857142857
0 4625.714285714285
1 4644.0
3 4680.0
0 4744.88888888889
0 4756.0
3 4757.200000000001
0 4768.000000000001
1 4785.200000000001
1 4788.000000000001
0 4789.6
1 4792.0
2 4800.4444444444425
3 4931.999999999999
2 4933.6
0 4936.0
3 4937.333333333333
1 4940.0
2 4949.0
2 4968.0
1 5000.0
2 5002.666666666667
3 5012.5
3 5016.0
2 5024.444444444443
2 5041.777777777777
1 5044.888888888889
1 5046.666666666666
3 5055.999999999999
1 5060.0
0 5061.333333333333
2 5061.5
3 5065.714285714286
0 5068.0
0 5069.714285714285
0 5071.999999999999
1 5080.0
3 5082.666666666666
2 5100.0
3 5108.666666666666
0 5145.714285714285
1 5148.0
2 5212.0
2 5215.999999999999
3 5224.0
2 5241.714285714285
0 5252.0
3 5253.5
2 5254.857142857143
0 5265.142857142857
1 5268.0
2 5270.857142857142
1 5273.714285714285
0 5275.999999999999
1 5285.999999999999
3 5302.0
2 5332.666666666666
3 5335.999999999999
1 5340.0
0 5350.0
0 5366.666666666667
0 5378.666666666667
1 5381.5
2 5392.0
1 5394.0
0 5396.0
2 5397.714285714285
0 5398.0
2 5401.6
1 5410.4
2 5413.333333333333
0 5432.0
1 5440.666666666667
3 5476.0
0 5477.714285714284
2 5478.0
0 5482.400000000001
3 5484.0
0 5494.4
1 5496.0
0 5498.4
0 5500.0
2 5512.0
1 5518.0
3 5528.0
0 5595.0
3 5734.4
0 6005.714285714284
1 6016.0
0 6019.0
0 6022.0
3 6032.0
0 6048.5
0 6081.5
1 6085.333333333333
3 6095.999999999998
0 6097.333333333331
0 6099.0
3 6101.5
0 6104.0
0 6105.714285714285
0 6108.0
3 6118.0
3 6132.666666666667
0 6136.666666666667
1 6139.333333333333
0 6149.999999999999
1 6152.0
2 6168.0
1 6202.666666666666
1 6205.999999999998
0 6216.0
1 6217.714285714285
3 6217.999999999998
1 6220.0
1 6230.4
0 6232.0
0 6242.400000000001
3 6260.666666666665
3 6262.666666666666
3 6273.333333333332
1 6292.0
2 6293.142857142857
0 6296.0
0 6298.0
1 6300.0
0 6310.4000000000015
1 6312.0
0 6314.400000000001
0 6316.0
1 6318.0
0 6328.0
0 6346.0
1 6378.0
3 6444.0
0 6446.4000000000015
1 6450.0
2 6480.0
1 6492.0
0 6556.0
1 6685.600000000001
1 6688.800000000001
2 6700.0
1 6725.999999999999
3 6727.999999999999
0 6736.5714285714275
3 6752.0
0 6754.857142857142
1 6759.999999999998
1 6763.999999999999
0 6765.714285714284
3 6766.0
1 6777.333333333332
0 6787.999999999999
0 6789.714285714284
0 6792.0
0 6793.333333333332
2 6796.0
1 6804.000000000001
0 6821.6
2 6858.0
1 6867.999999999999
2 6869.142857142856
0 6871.999999999999
2 6880.666666666666
3 6883.999999999999
2 6885.999999999999
0 6888.000000000001
1 6896.0
0 6914.4
2 6948.000000000001
1 7013.333333333332
0 7017.999999999999
1 7025.999999999999
0 7045.714285714284
1 7048.0
0 7049.714285714285
0 7060.0
1 7061.142857142857
1 7071.999999999998
1 7089.142857142857
2 7091.999999999999
0 7093.714285714285
3 7104.0
0 7120.5714285714275
1 7156.0
1 7156.5
0 7160.0
3 7161.714285714286
1 7164.0
0 7171.999999999999
0 7183.999999999999
1 7185.142857142857
2 7188.0
1 7189.999999999998
2 7192.0
1 7200.0
1 7216.8
3 7252.0
0 7253.999999999999
3 7256.8
2 7260.0
1 7262.400000000001
2 7264.0
3 7272.0
2 7275.0
1 7294.0
0 7296.0
1 7297.0
3 7308.0
2 7309.0
0 7320.0
1 7323.0
3 7332.0
0 7351.0
1 7352.0
0 7354.0
2 7388.0
1 7461.0
3 7464.000000000001
0 7592.799999999999
2 7600.0
3 7620.0
2 7622.0
1 7626.4000000000015
0 7627.999999999999
1 7630.4000000000015
0 7632.0
1 7634.0
2 7644.0
3 7668.0
2 7669.6
1 7680.0
1 7683.200000000001
2 7686.400000000001
1 7688.000000000001
0 7720.0
1 7785.0
1 7788.0
0 7790.0
2 7790.666666666666
0 7792.0
0 7804.0
0 7820.0
0 7832.0
1 7835.0
2 7836.0
1 7844.0
0 7848.0
1 7850.666666666666
2 7870.666666666666
3 7911.999999999999
0 7920.0
3 7937.599999999999
0 7941.333333333333
0 7944.0
1 7945.600000000001
0 7948.0
3 7956.0
3 7960.0
0 7961.0
1 7964.0
3 7973.333333333333
0 8000.0
0 8032.799999999999
2 8100.0
1 8102.0
3 8120.0
2 8121.999999999999
1 8124.000000000001
3 8132.800000000001
0 8136.0
1 8136.799999999999
2 8137.0
0 8141.0
1 8144.0
0 8156.0
1 8156.0
1 8158.666666666666
1 8168.0
1 8184.0
0 8187.999999999999
1 8189.333333333332
2 8224.0
1 8229.333333333332
1 8236.0
0 8236.0
1 8254.0
3 8264.0
1 8266.0
0 8396.0
1 8653.333333333332
3 9168.0
2 10207.0
3 10228.0
0 10230.857142857141
0 10233.714285714286
0 10243.999999999998
1 10245.714285714286
2 10246.0
0 10250.4
1 10252.0
1 10262.400000000001
2 10280.0
1 10311.999999999998
0 10376.0
1 10379.333333333332
0 10382.0
3 10394.0
0 10403.999999999998
1 10420.0
0 10452.0
0 10456.0
1 10458.285714285712
1 10469.714285714286
1 10470.285714285714
1 10473.714285714286
1 10484.0
0 10500.571428571428
3 10504.0
0 10505.714285714286
2 10508.0
1 10510.0
2 10512.0
2 10522.400000000001
3 10532.0
2 10549.999999999998
0 10552.0
2 10562.400000000001
1 10563.999999999998
2 10565.999999999998
1 10568.0
1 10578.400000000001
0 10580.0
1 10582.400000000001
0 10584.0
1 10586.0
1 10588.0
0 10596.0
0 10600.0
2 10616.0
1 10657.333333333332
1 10676.0
0 10679.2
1 10680.0
0 10689.0
0 10693.0
2 10696.0
1 10705.0
1 10707.0
1 10709.0
0 10712.0
1 10713.333333333332
0 10716.0
1 10724.0
1 10740.0
1 10776.0
0 10844.0
1 10972.0
0 11232.0
1 11248.800000000001
0 11268.0
1 11269.714285714284
1 11271.999999999998
2 11304.0
1 11371.333333333334
0 11381.714285714284
0 11382.857142857141
1 11386.0
2 11396.0
1 11411.999999999998
2 11414.857142857143
1 11417.714285714284
3 11420.0
2 11421.333333333334
0 11424.0
3 11426.400000000001
1 11427.0
3 11438.0
2 11464.0
3 11466.0
1 11475.999999999998
0 11492.0
1 11523.999999999998
1 11528.0
2 11529.333333333334
0 11532.0
1 11542.400000000001
2 11560.0
2 11564.0
1 11572.666666666666
0 11576.000000000002
1 11577.333333333332
2 11584.0
1 11600.8
1 11640.0
0 11705.714285714283
0 11844.0
1 11845.333333333332
2 11848.0
1 11857.5
0 11860.0
3 11876.0
2 11909.5
2 11913.5
1 11924.0
0 11925.333333333334
2 11928.0
1 11929.5
1 11932.0
3 11933.714285714284
3 11943.999999999998
2 11961.714285714284
3 11962.857142857141
2 11973.714285714284
1 11976.0
2 11977.714285714284
3 11987.999999999996
2 11989.142857142855
0 11991.999999999998
3 11993.333333333334
1 11996.0
0 11998.400000000001
2 12000.0
1 12008.0
0 12012.0
1 12015.0
0 12016.0
0 12025.333333333332
1 12041.333333333332
1 12076.0
0 12078.0
2 12082.666666666666
1 12092.0
0 12092.0
2 12104.0
1 12121.0
2 12123.0
0 12132.0
0 12134.0
2 12138.666666666666
1 12140.0
2 12141.333333333332
1 12152.0
1 12168.0
0 12172.0
1 12173.333333333332
1 12176.0
1 12184.0
3 12204.0
2 12245.333333333332
1 12247.0
0 12248.0
3 12312.0
1 12316.0
0 12324.0
3 12340.0
0 12377.333333333332
1 12444.0
2 12452.0
1 12455.200000000003
0 12584.0
1 12840.8
2 12846.0
3 12856.666666666664
1 13368.0
0 13386.0
3 13399.999999999996
0 13401.5
2 13404.0
3 13413.142857142857
3 13430.285714285714
1 13463.999999999998
2 13473.0
0 13476.88888888889
0 13478.5
2 13480.0
0 13489.714285714284
3 13509.0
2 13512.0
0 13513.5
1 13516.0
0 13524.571428571428
0 13540.571428571428
3 13552.5
2 13555.999999999996
3 13557.0
0 13560.0
1 13560.571428571428
3 13562.666666666666
1 13566.400000000001
0 13574.400000000001
1 13591.2
1 13625.999999999996
0 13628.57142857143
1 13632.0
0 13640.666666666664
1 13644.0
2 13644.0
1 13646.400000000001
1 13656.000000000002
2 13658.400000000001
0 13660.0
3 13724.0
0 13728.0
0 13731.0
2 13749.333333333332
1 13756.0
2 13765.0
1 13768.0
1 13771.999999999998
0 13782.0
1 13798.0
1 13834.400000000001
2 13845.999999999996
1 13863.999999999996
1 13897.714285714286
0 13900.0
1 13901.714285714286
3 13957.333333333332
0 13912.666666666664
1 13924.0
0 13925.142857142857
3 13992.0
0 13993.714285714286
0 13995.999999999998
0 13997.333333333332
0 14007.999999999998
1 14023.999999999996
1 14028.0
0 14035.999999999996
1 14053.333333333332
0 14086.666666666666
2 14091.999999999998
3 14227.999999999996
3 14232.0
2 14234.0
0 14244.0
3 14245.5
0 14246.857142857141
3 14249.999999999998
3 14257.333333333332
3 14277.714285714284
2 14280.0
3 14289.714285714286
3 14290.285714285714
0 14292.666666666666
0 14295.999999999998
3 14297.333333333332
0 14300.0
0 14310.400000000001
0 14312.0
3 14315.0
2 14324.0
3 14341.599999999999
3 14373.6
3 14377.333333333332
0 14380.0
3 14381.599999999999
0 14384.0
0 14393.0
1 14420.0
0 14420.666666666664
2 14424.0
0 14432.800000000001
1 14451.999999999998
0 14453.999999999996
2 14463.999999999998
1 14465.333333333332
0 14466.400000000001
0 14469.0
1 14472.0
0 14475.0
2 14476.0
1 14488.0
2 14504.0
1 14505.0
0 14508.0
1 14520.0
2 14528.0
1 14529.0
3 14560.0
2 14625.333333333332
2 14629.333333333332
1 14635.0
0 14636.0
0 14638.666666666666
0 14647.999999999998
0 14665.333333333332
1 14668.0
1 14671.999999999998
2 14680.0
1 14700.0
0 14700.0
0 14702.666666666664
2 14704.0
3 14712.0
1 14716.0
0 14716.0
3 14720.0
1 14732.0
0 14748.0
0 14780.0
0 14784.0
0 14784.0
2 14848.0
3 14852.0
0 14864.0
0 14864.0
0 14868.0
0 14876.0
0 14896.0
0 14896.0
1 14900.0
3 14912.0
0 14936.0
0 14937.333333333332
3 14972.0
0 14973.333333333332
1 14976.0
1 14984.0
2 15000.0
1 15020.0
1 15028.0
2 15048.0
3 15058.666666666666
0 15063.0
1 15064.0
2 15192.0
0 15194.0
1 15196.0
2 15200.0
0 15264.0
3 15524.0
3 15534.0
0 15552.0
3 15560.0
2 15593.0
0 15594.666666666666
1 15607.0
2 15624.8
2 15627.2
2 15637.600000000002
1 15640.0
2 15641.599999999999
1 15644.0
0 15652.0
3 15668.0
0 15671.0
2 15673.333333333332
3 15679.999999999998
0 15700.0
3 15733.0
0 15799.0
2 15935.0
1 15944.000000000002
1 15953.714285714283
2 15955.999999999996
0 15958.0
1 15960.0
0 15961.999999999998
2 15964.0
0 15972.800000000001
3 15984.0
0 15986.0
3 15988.000000000002
3 15990.400000000001
0 15992.0
2 16004.0
3 16042.0
0 16052.8
1 16056.0
3 16065.0
2 16084.0
2 16100.0
3 16104.0
0 16106.0
2 16106.400000000001
0 16107.0
2 16108.0
3 16120.0
2 16122.0
1 16132.0
0 16136.0
1 16137.0
0 16140.0
0 16149.333333333332
1 16152.0
0 16156.0
2 16164.0
1 16180.0
0 16183.999999999998
1 16185.333333333332
0 16188.0
0 16196.0
0 16214.0
1 16252.0
0 16316.0
1 16317.0
1 16328.0
0 16331.0
0 16340.0
1 16341.0
0 16344.0
0 16345.333333333332
0 16348.0
0 16356.0
2 16376.0
1 16380.0
3 16408.0
0 16412.0
1 16412.0
2 16420.0
1 16424.0
0 16428.0
0 16428.0
0 3.9999999999999987
1 5.428571428571427
2 7.999999999999998
1 16.923076923076916
0 20.000000000000004
1 21.538461538461544
0 24.0
3 32.333333333333336
0 49.33333333333333
0 53.0
0 55.99999999999998
1 64.33333333333334
3 67.99999999999999
0 69.33333333333331
0 72.0
1 80.36363636363637
0 100.00000000000001
1 133.0
1 135.99999999999997
0 145.0
1 148.00000000000003
0 149.33333333333331
2 151.99999999999997
3 160.3636363636364
0 176.36363636363637
1 181.09090909090912
0 183.99999999999994
3 185.45454545454544
2 188.00000000000003
3 196.79999999999998
0 208.00000000000003
1 209.0909090909091
1 212.00000000000006
0 213.60000000000002
1 216.0
2 224.44444444444443
1 240.44444444444437
0 244.88888888888889
0 247.99999999999994
2 255.99999999999994
3 260.0
0 261.77777777777777
1 264.0
0 265.5
3 296.0
0 362.85714285714283
0 365.71428571428567
1 376.0
0 393.0
1 397.5
2 400.0
1 409.5
1 424.5
2 460.0
3 468.8888888888889
0 472.00000000000006
3 474.66666666666674
3 485.3333333333333
0 502.66666666666663
0 505.19999999999993
0 516.0000000000001
1 517.6
3 517.7777777777777
2 521.7777777777777
1 524.0
2 532.5
2 549.5
0 584.0
3 656.4444444444446
1 784.8
0 789.4545454545454
3 792.0000000000001
2 800.8
3 818.4000000000001
0 823.9999999999998
3 832.3636363636363
3 834.1818181818181
0 837.2
1 840.0
0 841.5999999999999
1 844.0
0 845.3333333333333
2 848.0
1 856.0
0 872.0
1 906.0
2 917.7777777777778
1 928.0
2 932.0000000000002
1 933.2000000000002
1 936.0000000000001
0 937.7777777777778
2 947.1111111111112
1 964.8888888888887
1 967.9999999999999
1 976.8888888888889
1 996.0000000000001
0 997.6
2 999.9999999999999
1 1001.3333333333331
3 1012.0
0 1013.7777777777778
0 1016.0
1 1017.5
3 1028.0
0 1029.5
1 1032.0
0 1033.7142857142858
2 1036.0
3 1051.9999999999998
2 1054.0
1 1065.333333333333
0 1075.9999999999998
1 1077.7142857142856
3 1088.0
0 1089.7142857142858
0 1092.0
1 1124.6666666666665
1 1128.0
0 1129.3333333333333
3 1130.4
1 1141.6
0 1143.2
0 1146.4
1 1148.0
2 1172.0
3 1188.0
0 1220.8
1 1225.6
2 1302.0
1 1320.0
1 1322.0
0 1356.0
1 1421.0
2 1552.0
1 1561.333333333333
2 1817.7777777777778
1 1829.2
0 1848.0
3 1849.0909090909095
0 1850.4
3 1861.2
0 1864.0000000000005
3 1865.6000000000001
0 1868.0000000000005
1 1875.9999999999995
0 1893.7777777777778
2 1927.9999999999998
0 1936.4444444444443
1 1941.2
0 1944.0000000000005
0 1945.2000000000003
3 1945.7777777777776
1 1949.5
0 1958.5
0 1969.3333333333335
3 1984.5
3 1988.0
0 1989.3333333333333
0 1992.0
1 1994.0
3 1995.9999999999998
0 2005.7142857142856
3 2024.0
0 2025.0
1 2028.0000000000002
0 2037.7142857142856
3 2048.0
0 2050.0
2 2076.0
1 2085.714285714286
2 2103.5
1 2108.0
0 2116.0
1 2117.5
2 2121.142857142857
3 2132.0
0 2149.5
0 2152.0
1 2153.5
1 2156.0
2 2191.4285714285716
1 2263.0
0 2272.4444444444443
0 2276.0
1 2277.7777777777774
2 2280.0
0 2289.0
1 2306.0
1 2308.8888888888887
1 2320.0
2 2336.888888888889
1 2340.0
0 2341.777777777778
0 2344.0
1 2353.0
0 2356.0
1 2357.0
2 2360.0
1 2369.7142857142853
0 2372.0
0 2373.7142857142853
0 2383.9999999999995
1 2400.571428571428
1 2433.7142857142853
1 2438.0
0 2439.9999999999995
0 2441.7142857142853
1 2444.0
0 2452.666666666666
0 2456.0
3 2463.9999999999995
2 2481.3333333333335
2 2513.333333333333
2 2582.2857142857138
1 2585.5
0 2588.0
0 2589.7142857142853
0 2600.0
1 2601.7142857142853
2 2616.0
0 2620.0
1 2621.333333333333
1 2624.0000000000005
0 2632.8
0 2644.8000000000006
0 2648.0
1 2649.333333333333
1 2652.0
2 2660.0
1 2662.4000000000005
0 2665.0
0 2668.0
2 2677.0
1 2696.0
3 2824.0000000000005
2 2826.4
1 2833.0
0 2852.0
2 2854.4
3 2857.6000000000004
0 2894.3999999999996
1 2904.0
0 2905.9999999999995
1 2907.2000000000003
1 2916.8
0 2920.0
1 2921.6000000000004
1 2924.0000000000005
3 2936.0
0 2942.0
1 2973.333333333333
0 3040.0
3 3053.6000000000004
0 3063.9999999999995
0 3065.9999999999995
1 3068.0
0 3069.6000000000004
2 3072.0
1 3080.0
2 3099.0
2 3101.6000000000004
1 3104.0000000000005
0 3112.0
1 3130.0
3 3164.0
2 3174.4000000000005
1 3192.6666666666665
2 3195.9999999999995
1 3197.333333333333
0 3260.8
1 3391.999999999999
3 3655.999999999999
2 3657.1428571428564
0 3660.6666666666665
3 3670.6666666666665
0 4183.333333333332
1 4198.285714285714
2 4237.714285714285
1 4248.0
0 4256.888888888889
1 4258.222222222222
3 4261.5
0 4264.444444444444
3 4268.0
0 4269.5
1 4280.0
0 4297.5
2 4304.0
3 4307.0
1 4310.285714285715
1 4313.999999999999
0 4316.0
0 4317.714285714285
3 4336.0
0 4377.142857142856
0 4444.0
1 4452.444444444443
1 4456.0
2 4464.0
1 4484.0
1 4485.6
0 4487.999999999999
3 4496.0
0 4498.666666666667
0 4501.333333333333
2 4504.0
3 4505.5
1 4508.0
0 4509.714285714285
2 4512.0
1 4519.999999999999
2 4538.666666666666
3 4571.999999999999
2 4573.714285714285
1 4575.333333333333
0 4578.4
1 4596.0
0 4613.142857142857
0 4614.285714285714
3 4618.857142857143
1 4620.0
0 4621.333333333333
0 4632.0
1 4648.666666666666
0 4651.333333333333
1 4661.333333333333
0 4663.999999999999
3 4667.333333333333
0 4678.0
1 4680.0
3 4682.4
0 4690.400000000001
3 4694.400000000001
0 4696.0
2 4728.0
1 4793.6
1 4796.0
0 4798.4
3 4808.0
2 4836.8
3 4843.999999999999
0 4853.333333333333
0 4854.0
2 4865.333333333333
0 4896.0
1 5025.999999999999
0 5032.0
1 5033.714285714286
2 5037.999999999999
1 5047.999999999999
0 5064.571428571429
0 5068.0
1 5069.714285714285
0 5079.999999999999
1 5081.714285714285
0 5083.999999999999
3 5092.0
0 5109.333333333333
0 5144.571428571428
1 5212.0
0 5213.5
2 5215.999999999999
1 5224.0
2 5226.857142857143
1 5237.714285714285
0 5256.0
1 5257.5
3 5260.0
1 5269.142857142857
2 5271.999999999999
3 5280.0
2 5296.571428571428
3 5331.999999999999
0 5333.5
1 5334.857142857143
3 5337.714285714284
0 5348.0
1 5364.5714285714275
3 5368.571428571428
0 5376.571428571428
0 5380.571428571428
1 5383.999999999999
0 5385.714285714285
2 5388.0
1 5390.0
1 5400.0
0 5402.0
1 5404.0
1 5414.4
2 5424.0
1 5440.0
2 5443.333333333332
1 5446.0
0 5448.000000000001
1 5449.6
1 5452.0
0 5455.0
0 5464.0
1 5465.0
2 5468.0
1 5476.0
1 5493.333333333333
3 5528.0
0 5595.0
3 5724.0
2 5730.400000000001
1 5727.0
0 5737.0
1 5740.0
0 5742.0
2 5753.0
0 5948.0
1 6028.000000000001
0 6062.400000000001
1 6074.4
0 6091.999999999998
1 6093.714285714284
2 6100.0
1 6118.666666666666
0 6152.571428571428
0 6164.0
1 6165.5
1 6176.0
1 6177.5
0 6178.857142857143
2 6181.714285714286
0 6185.714285714286
3 6187.999999999999
0 6189.333333333332
1 6192.0
0 6193.6
0 6204.000000000001
0 6220.0
1 6224.000000000001
2 6232.0
1 6249.600000000001
3 6260.0
0 6263.333333333333
1 6328.000000000001
0 6362.0
1 6365.333333333332
0 6373.333333333333
2 6384.0
0 6386.0
3 6404.0
0 6405.714285714285
0 6407.333333333333
1 6418.0
0 6419.333333333333
3 6422.0
2 6426.4000000000015
2 6428.0
2 6432.0
1 6440.0
2 6442.400000000001
1 6444.000000000001
0 6450.0
3 6468.0
0 6502.0
2 6513.6
0 6530.4
2 6580.0
1 6584.800000000001
0 6588.0
1 6590.4000000000015
2 6604.0
1 6736.0
0 6746.4000000000015
3 6764.000000000001
2 6774.0
1 6777.714285714285
0 6780.0
3 6811.999999999999
3 6820.666666666666
0 6822.0
2 6825.333333333332
0 6828.000000000001
3 6836.0
0 6854.4
1 6864.666666666666
0 6883.333333333332
0 6885.714285714286
3 6918.666666666665
3 6922.400000000001
2 6924.0
1 6933.333333333332
1 6944.0
2 6946.857142857142
3 7011.999999999999
2 7013.714285714286
1 7025.714285714285
0 7043.999999999998
1 7045.0
2 7048.0
1 7049.714285714286
0 7049.999999999999
2 7061.999999999998
3 7063.999999999999
0 7071.999999999998
2 7076.0
1 7077.333333333332
0 7092.0
1 7096.0
2 7099.2
1 7102.400000000001
3 7132.0
0 7135.0
1 7136.0
2 7145.333333333333
0 7160.0
1 7164.0
0 7176.0
3 7186.0
1 7189.0
2 7191.0
0 7194.0
2 7197.0
1 7198.666666666666
3 7202.666666666666
0 7204.0
3 7206.0
2 7208.0
0 7220.0
1 7228.0
0 7244.0
1 7276.0
3 7284.0
2 7290.0
1 7292.0
0 7300.0
3 7320.0
0 7329.333333333333
0 7332.0
0 7333.333333333333
2 7350.0
1 7350.0
0 7352.0
0 7356.0
3 7360.0
1 7360.0
1 3.9999999999999996
0 5.428571428571427
0 7.999999999999998
1 16.923076923076923
1 20.000000000000004
0 21.538461538461544
0 24.0
2 32.333333333333336
1 49.33333333333333
1 53.090909090909086
1 56.00000000000001
0 64.33333333333334
0 67.99999999999999
1 69.33333333333331
1 72.0
2 80.36363636363639
3 94.9090909090909
0 98.54545454545456
0 101.2
2 137.33333333333334
1 147.99999999999997
1 149.0
0 151.99999999999997
1 161.09090909090912
1 164.00000000000003
0 165.45454545454547
0 175.27272727272728
1 193.09090909090907
3 195.99999999999997
1 197.8181818181818
3 208.0
2 224.3636363636364
1 253.4545454545455
0 258.5454545454545
0 261.20000000000005
3 265.4545454545455
1 331.99999999999994
0 340.7272727272728
0 344.0
0 352.72727272727275
0 354.5454545454546
1 357.2
0 360.00000000000006
2 374.4000000000001
1 378.40000000000003
3 381.33333333333337
0 391.99999999999994
3 393.6
2 396.0
3 405.3333333333333
0 407.9999999999999
3 409.7777777777777
0 412.0
1 421.5
1 440.0
0 464.4444444444444
0 468.0
3 500.0
0 502.79999999999995
0 505.6000000000001
1 508.00000000000006
0 509.33333333333337
2 512.0
1 520.0
0 524.0
1 532.0
0 550.0
1 560.0
3 588.0
2 660.0
3 662.4
1 792.0
2 801.5999999999999
2 805.818181818182
3 816.0000000000002
2 833.0909090909091
1 835.9999999999997
3 837.4545454545455
1 840.0
3 848.8000000000002
0 852.0000000000001
1 853.6000000000001
3 855.9999999999999
0 857.7777777777777
3 868.0
0 884.4444444444442
0 887.9999999999998
3 919.9999999999998
3 931.9999999999999
0 933.2000000000002
1 948.4444444444446
0 951.1111111111111
1 953.7777777777778
2 965.3333333333331
0 968.0
1 977.3333333333334
3 980.0000000000001
0 981.7777777777779
1 984.0000000000001
0 985.5
3 998.2857142857143
0 1012.0
1 1046.0
2 1112.0
3 1114.6666666666665
2 1117.3333333333335
1 1128.0
2 1129.3333333333335
3 1132.0
0 1133.5
2 1135.9999999999998
1 1144.0
2 1162.285714285714
0 1172.0
1 1175.0
1 1178.0
0 1180.0
2 1187.9999999999998
1 1208.0
0 1240.0
0 1252.0
1 1253.7777777777776
0 1256.0
1 1257.5
1 1260.0
0 1269.142857142857
2 1288.0
1 1289.5
1 1300.0
1 1301.5
1 1304.0
2 1305.7142857142856
0 1316.0
1 1333.1428571428569
3 1336.0
0 1337.142857142857
1 1339.9999999999998
3 1348.6666666666667
0 1367.9999999999998
0 1401.7142857142858
3 1410.0
0 1414.0
1 1415.9999999999998
0 1424.5714285714284
2 1478.8571428571427
1 1490.8571428571427
1 1493.7142857142858
0 1621.333333333333
1 1881.7142857142856
2 1885.142857142857
1 1904.0
1 1921.333333333333
3 1971.9999999999998
0 1973.090909090909
2 1976.0
1 1977.6
3 1977.7777777777778
1 1981.5
0 1991.9999999999995
3 2000.4444444444443
1 2004.0000000000002
0 2005.3333333333333
2 2008.0
1 2025.5
2 2035.9999999999998
3 2037.7777777777778
1 2040.0
0 2072.5
1 2138.0
0 2141.714285714286
1 2152.0
2 2168.0
1 2171.9999999999995
2 2180.8888888888887
2 2192.0000000000005
1 2193.2000000000003
0 2196.0
3 2212.0
2 2245.333333333333
1 2248.0
2 2250.6666666666665
3 2252.5
0 2260.0
2 2265.0
1 2268.0
2 2276.5
0 2288.0
3 2304.0
0 2307.9999999999995
3 2309.333333333333
0 2320.0
1 2321.3333333333335
1 2324.0
2 2324.0
0 2326.285714285714
2 2336.5714285714284
1 2353.714285714286
2 2389.7142857142853
1 2392.0
3 2392.0
1 2394.285714285714
3 2456.6666666666665
2 2586.6666666666665
1 2597.142857142857
0 2616.0
3 2626.0
0 2632.0
1 2633.3333333333326
3 2636.0
0 2644.5
1 2656.0
0 2672.444444444444
1 2676.0
2 2707.9999999999995
1 2709.333333333333
0 2713.3333333333335
3 2716.0
2 2724.5
1 2740.0
1 2744.0
0 2754.0
0 2757.5
1 2759.999999999999
2 2761.5
0 2763.9999999999995
1 2773.7142857142853
2 2775.9999999999995
1 2777.7142857142853
0 2780.0
3 2787.9999999999995
2 2806.6666666666665
2 2840.5714285714284
1 2906.857142857142
3 2916.0
3 2920.0
2 2921.5
0 2936.0
1 2941.714285714286
1 2943.9999999999995
0 2952.5714285714284
1 2956.0
0 2957.7142857142853
2 2968.0
1 2984.5714285714284
3 2988.0
0 3020.0
3 3022.8571428571427
0 3033.714285714286
1 3036.0
0 3045.7142857142853
3 3048.0
0 3049.714285714286
2 3050.0
0 3054.0
2 3072.0000000000005
3 3081.333333333333
0 3084.0
2 3092.666666666666
0 3096.0
0 3098.0
0 3100.0
1 3108.0
0 3124.0000000000005
1 3159.2
0 3168.6666666666665
3 3237.999999999999
2 3368.0
3 3369.5
1 3372.0
3 3640.666666666666
2 3646.2857142857138
1 3657.0
0 4168.0
1 4170.5
2 4173.142857142857
1 4182.285714285714
2 4204.0
3 4235.999999999999
2 4240.000000000001
1 4248.888888888889
1 4260.0
0 4276.0
1 4278.799999999999
3 4287.200000000001
2 4290.000000000001
3 4293.333333333333
2 4294.666666666666
1 4296.5
3 4306.5
2 4323.0
3 4326.857142857142
2 4329.333333333333
1 4332.0
2 4340.5
0 4344.0
1 4345.5
3 4352.0
2 4357.714285714284
1 4360.0
0 4392.571428571428
1 4457.142857142857
0 4461.142857142857
1 4472.0
0 4488.0
1 4492.0
2 4500.0
1 4517.0
2 4521.5
1 4532.0
0 4533.777777777778
2 4534.0
0 4536.0
1 4538.285714285714
0 4548.0
3 4580.0
3 4597.714285714285
2 4601.714285714285
3 4612.5
3 4614.5
2 4624.0
1 4625.5
0 4629.714285714284
3 4632.0
0 4632.571428571428
2 4648.666666666666
3 4680.666666666666
0 4685.6
3 4758.666666666666
1 4892.0
0 4901.333333333333
0 4916.444444444443
3 4928.000000000001
0 4929.6
1 4933.333333333333
0 4936.0
0 4937.333333333333
2 4940.0
1 4949.0
0 4968.0
1 4969.333333333333
2 4972.0
0 4981.0
3 4992.0
2 4993.777777777779
1 5006.5
0 5040.0
1 5045.5
2 5048.444444444443
3 5049.5
1 5053.142857142857
1 5064.0
0 5065.5
2 5068.0
1 5069.714285714285
3 5071.999999999999
1 5074.4
0 5084.0
3 5085.333333333333
1 5095.999999999999
3 5112.0
0 5143.999999999999
0 5155.999999999999
1 5158.857142857142
0 5162.0
2 5228.000000000001
1 5236.571428571428
3 5252.0
0 5254.857142857142
0 5264.571428571428
1 5266.857142857142
0 5269.714285714285
3 5273.333333333333
3 5276.0
0 5277.333333333333
1 5280.0
3 5288.800000000001
2 5308.000000000001
3 5340.0
3 5352.0
2 5359.999999999999
1 5377.714285714285
3 5381.714285714285
0 5384.0
0 5385.714285714285
1 5385.999999999999
3 5387.200000000001
0 5396.0
1 5401.6
0 5403.200000000001
0 5412.0
2 5432.0
1 5440.666666666667
0 5442.0
2 5442.400000000001
0 5445.0
1 5448.0
0 5451.0
0 5460.0
1 5463.0
2 5472.0
3 5488.0
0 5490.0
2 5494.666666666666
1 5498.0
0 5516.0
1 5550.0
0 5645.0
1 5775.2
1 6033.333333333333
2 6044.0
1 6053.714285714285
3 6072.0
0 6074.0
1 6084.5714285714275
0 6087.0
0 6089.714285714285
1 6091.999999999998
3 6100.0
2 6115.999999999999
3 6118.857142857142
0 6122.0
3 6131.333333333333
0 6135.2
3 6137.142857142857
1 6139.999999999999
0 6171.999999999998
3 6235.999999999999
2 6246.0
1 6264.0
0 6266.857142857143
0 6269.999999999999
3 6271.999999999999
0 6281.333333333332
2 6284.666666666665
1 6295.999999999999
3 6313.142857142857
1 6315.999999999998
2 6325.714285714285
1 6326.857142857143
2 6330.0
3 6331.999999999999
2 6341.333333333332
0 6360.0
1 6361.714285714285
2 6391.999999999999
1 6393.999999999999
3 6396.0
0 6405.600000000001
0 6410.0
2 6418.4
3 6422.0
0 6424.000000000001
0 6428.000000000001
2 6430.0
3 6438.0
1 6448.000000000001
0 6464.0
1 6468.000000000001
0 6470.4
2 6480.0
1 6482.400000000001
3 6485.0
0 6488.000000000001
3 6490.0
0 6492.0
1 6492.0
3 6494.0
0 6504.0
0 6506.0
1 6524.0
0 6558.0
2 6624.0
3 6759.999999999999
0 6783.0
1 6792.0
2 6823.999999999999
1 6826.0
1 6836.666666666666
1 6854.666666666666
1 6857.714285714286
1 6860.0
1 6861.999999999999
3 6871.999999999999
0 6873.333333333332
1 6876.0
0 6886.4000000000015
3 6903.200000000001
3 6945.333333333333
0 7010.285714285714
0 7013.5
2 7015.999999999998
1 7024.571428571428
0 7028.0
3 7029.142857142857
1 7032.0
2 7047.999999999998
1 7051.999999999999
0 7060.666666666666
0 7063.999999999999
0 7066.0
3 7084.8
0 7083.200000000001
1 7094.4
0 7095.999999999998
3 7097.599999999999
0 7100.0
1 7104.0
0 7112.0
2 7120.0
1 7136.0
0 7169.0
3 7173.0
2 7177.0
1 7181.0
0 7184.0
1 7185.0
2 7193.333333333332
1 7205.0
2 7222.0
1 7226.4000000000015
0 7228.000000000001
2 7228.0
0 7230.666666666666
0 7232.0
3 7240.0
0 7244.0
0 7246.0
0 7256.0
1 7258.0
2 7260.0
1 7272.0
0 7274.0
0 7276.0
2 7292.0
1 7324.0
0 7328.0
2 7340.0
3 7412.0
2 7541.333333333333
2 7542.666666666666
2 7553.333333333333
0 7825.333333333333
1 8340.8
3 9364.800000000001
0 9370.4
1 9388.0
0 9390.0
1 9391.199999999999
2 9424.0
2 9435.999999999998
0 9438.4
3 9440.0
0 9449.6
2 9476.666666666666
3 9496.0
2 9497.5
3 9498.857142857141
0 9507.999999999998
2 9510.0
1 9512.0
3 9515.333333333332
3 9518.4
0 9528.0
3 9545.333333333334
3 9576.666666666666
0 9579.999999999998
1 9591.999999999998
0 9593.714285714286
1 9596.0
1 9598.0
1 9608.0
0 9609.333333333332
2 9612.0
1 9620.0
2 9637.6
2 9674.4
1 9739.999999999998
1 9749.714285714284
2 9752.0
0 9760.571428571428
0 9764.0
0 9765.714285714284
0 9768.0
0 9777.333333333332
0 9795.999999999998
1 9829.714285714286
1 9830.857142857141
1 9833.714285714284
2 9896.666666666666
2 9908.666666666666
2 9912.0
1 9913.714285714286
2 9915.333333333332
1 9918.4
0 9927.999999999998
1 9944.666666666666
3 9948.0
0 9963.999999999998
3 10008.0
0 10009.0
1 10011.999999999998
0 10021.714285714284
1 10024.0
0 10025.142857142855
0 10036.0
3 10052.0
0 10054.857142857141
0 10058.285714285712
0 10067.999999999998
0 10070.285714285714
1 10080.0
0 10097.714285714284
1 10100.0
3 10100.571428571428
3 10104.0
0 10112.0
3 10130.0
0 10162.666666666668
0 10227.999999999998
1 10357.714285714286
0 10361.5
2 10364.0
1 10372.0
0 10375.999999999998
1 10377.714285714286
0 10388.0
1 10389.714285714286
0 10400.0
0 10416.571428571428
1 10418.857142857141
3 10421.333333333334
0 10424.57142857143
1 10456.666666666664
2 10462.0
1 10470.666666666666
1 10473.714285714286
0 10488.0
1 10491.333333333332
0 10501.333333333332
0 10504.0
1 10505.333333333332
2 10510.400000000001
1 10518.400000000001
2 10522.400000000001
1 10532.0
0 10534.0
2 10544.0
1 10562.0
1 10564.0
0 10596.0
0 10599.999999999998
3 10664.0
0 10666.0
1 10668.800000000001
0 10677.6
0 10680.666666666666
1 10696.800000000003
2 10828.0
1 10837.999999999998
0 10841.333333333332
1 10844.0
2 10851.999999999998
1 10869.333333333334
3 10879.999999999998
0 10881.714285714283
1 10883.333333333334
3 10887.333333333332
3 10889.999999999998
2 10920.0
3 10924.0
3 10927.0
0 10928.0
3 10937.0
3 10956.0
0 10967.2
3 10968.666666666666
1 10972.0
0 10973.600000000002
0 10984.0
3 11007.2
2 11264.0
1 11298.0
0 11301.333333333334
3 11305.714285714286
1 11307.999999999998
0 11310.0
0 11319.999999999998
3 11384.0
2 11397.333333333334
1 11402.666666666666
0 11406.4
1 11415.999999999998
0 11434.0
1 11467.999999999998
0 11469.142857142857
3 11472.0
2 11481.333333333334
1 11482.0
1 11484.8
0 11496.666666666666
0 11508.0
1 11509.714285714286
2 11528.0
1 11537.714285714286
0 11540.0
1 11541.714285714284
0 11551.999999999998
1 11553.142857142855
1 11556.0
1 11558.0
0 11560.0
1 11563.0
2 11572.0
1 11574.400000000001
3 11592.0
2 11601.6
0 11616.000000000002
3 11648.800000000001
1 11716.666666666664
0 11844.666666666666
2 11851.333333333334
3 11853.714285714286
1 11856.0
0 11866.0
0 11881.999999999998
1 11914.0
1 11917.999999999998
2 11928.571428571428
0 11940.0
1 11941.5
2 11956.0
1 11958.857142857141
3 11962.0
2 11963.333333333334
0 11972.0
1 11976.0
0 11977.333333333332
3 11981.599999999999
0 11984.0
1 11992.0
0 11993.600000000002
3 11996.0
0 11999.0
3 12008.0
0 12024.0
1 12030.0
0 12038.0
0 12055.0
0 12088.0
0 12092.0
3 12094.4
2 12104.0
1 12169.599999999999
0 12180.0
3 12181.6
0 12184.666666666666
1 12192.8
2 12208.800000000001
1 12214.666666666666
3 12216.000000000002
2 12217.600000000002
3 12220.0
3 12230.0
2 12232.0
2 12235.0
1 12236.0
0 12244.0
0 12261.333333333332
3 12265.333333333332
1 12276.0
0 12279.0
0 12280.0
2 12289.333333333332
1 12322.0
2 12340.0
2 12343.999999999998
3 12352.0
0 12387.0
1 12468.000000000002
2 12469.999999999998
1 12473.6
0 12476.800000000001
0 12480.0
2 12607.999999999998
3 12864.0
0 13377.600000000002
2 13390.4
3 13399.333333333328
0 13404.0
3 13413.142857142855
3 13427.999999999998
0 13461.714285714286
2 13465.714285714284
3 13476.5
1 13492.0
0 13494.5
0 13497.5
3 13498.857142857141
1 13501.333333333332
0 13512.571428571426
0 13514.285714285714
0 13517.142857142855
2 13527.999999999998
1 13529.142857142855
0 13531.999999999996
3 13533.333333333332
0 13535.2
1 13544.0
0 13561.6
1 13565.0
2 13599.999999999998
1 13664.666666666664
2 13690.666666666664
1 13700.0
2 13704.0
1 13705.5
3 13705.714285714284
1 13709.714285714284
2 13720.0
1 13721.714285714286
0 13740.0
1 13772.571428571428
1 13774.285714285714
0 13777.333333333332
3 13783.999999999996
0 13786.0
1 13792.0
0 13801.333333333332
3 13808.000000000002
0 13824.666666666666
0 13829.714285714284
1 13833.714285714286
3 13838.666666666664
0 13842.666666666664
1 13845.333333333332
2 13849.999999999998
2 13852.0
1 13854.400000000001
0 13856.0
1 13857.0
0 13868.0
2 13876.0
1 13893.0
2 13925.0
0 13945.333333333332
3 13948.800000000001
0 13952.0
1 13953.6
3 13964.0
0 13966.400000000001
2 13967.0
0 13976.0
1 13977.0
3 13981.0
1 13992.0
0 13995.0
0 14004.0
1 14007.0
0 14008.0
2 14008.0
0 14010.0
2 14012.0
0 14024.0
0 14042.0
1 14074.0
2 14140.0
1 14269.333333333332
0 14281.0
2 14299.999999999998
1 14308.800000000001
3 14312.0
0 14320.0
3 14339.2
2 14372.0
3 14438.666666666666
0 14440.666666666664
2 14456.800000000003
3 14463.999999999998
1 14467.999999999996
0 14471.333333333332
0 14473.999999999998
2 14477.600000000002
0 14480.0
1 14488.000000000002
0 14492.0
1 14493.6
0 14496.0
0 14506.0
1 14532.0
1 14563.999999999996
0 14567.333333333332
0 14569.999999999998
0 14571.999999999998
0 14573.600000000002
2 14576.0
3 14600.0
2 14602.399999999998
2 14612.800000000001
2 14614.400000000001
2 14616.800000000001
2 14619.0
1 14621.333333333332
2 14630.666666666664
2 14647.999999999998
3 14681.0
0 14748.0
3 14876.800000000001
2 15144.8
3 15154.285714285714
3 15173.0
1 15184.0
0 15185.777777777777
2 15186.0
0 15189.714285714286
1 15192.0
0 15193.714285714284
2 15195.999999999998
0 15204.666666666666
1 15206.666666666666
0 15208.000000000002
3 15228.000000000002
0 15260.666666666664
3 15268.666666666664
2 15271.999999999996
0 15274.400000000001
2 15276.0
3 15285.600000000002
3 15304.0
0 15313.333333333332
0 15315.999999999998
3 15318.666666666664
1 15322.0
3 15324.0
1 15332.8
0 15350.4
2 15384.0
1 15385.999999999998
1 15396.666666666666
3 15463.999999999996
2 15465.714285714286
0 15468.0
1 15476.666666666664
0 15492.666666666666
0 15495.999999999998
1 15498.666666666664
1 15500.0
1 15511.2
1 15520.666666666664
0 15535.999999999996
2 15540.8
0 15544.0
1 15546.0
3 15548.000000000002
0 15556.000000000002
3 15559.2
0 15562.399999999998
0 15564.0
0 15568.0
1 15576.0
0 15579.0
1 15588.0
0 15605.0
2 15640.0
1 15642.400000000001
3 15643.0
3 15652.0
2 15671.0
1 15704.0
1 15706.400000000001
1 15716.000000000002
1 15718.400000000001
0 15721.599999999999
2 15720.0
0 15724.0
2 15733.333333333332
3 15744.0
0 15763.0
0 15767.0
1 15768.000000000002
2 15784.0
1 15788.0
2 15790.0
0 15792.0
3 15856.0
2 15888.0
3 15892.0
1 15900.0
1 15912.0
0 15937.0
0 15939.2
3 16067.0
0 16069.600000000002
2 16080.0
1 16100.0
1 16104.0
2 16105.333333333332
3 16108.000000000002
2 16117.600000000002
2 16119.2
0 16128.000000000002
1 16129.6
2 16131.0
0 16134.0
2 16138.666666666666
0 16140.0
1 16147.999999999998
3 16168.0
2 16201.0
1 16212.0
2 16213.6
0 16216.0
1 16224.0
1 16242.0
1 16273.0
0 16339.0
2 16347.0
1 16354.400000000001
1 16356.666666666666
0 16360.0
3 16376.800000000001
0 16378.400000000001
0 16380.8
2 16384.0
3 16393.0
0 16404.0
1 16406.4
3 16408.0
0 16411.0
3 16420.0
0 16423.0
1 16424.0
0 16428.0
1 16436.0
0 16456.0
1 16488.0
3 16552.0
0 16556.0
1 16567.0
1 16584.0
1 16586.4
3 16596.0
0 16597.600000000002
0 16600.0
1 16603.0
3 16604.0
1 16613.333333333332
0 16616.0
1 16617.333333333332
3 16620.0
2 16628.0
1 16644.0
2 16680.0
1 16681.333333333332
0 16684.0
0 16692.0
3 16708.0
2 16714.0
1 16717.333333333332
0 16848.0
1 17106.666666666664
0 17116.0
3 17636.0
0 17652.800000000003
0 17658.4
2 17664.0
1 18688.0
0 18690.4
2 18694.4
3 18697.0
0 18701.6
2 18704.0
1 18720.0
0 18756.0
1 18764.8
3 18775.999999999996
2 18784.666666666664
3 18804.0
0 18805.714285714283
1 20856.0
2 20888.0
1 20953.714285714283
1 20965.5
2 20983.999999999996
2 20985.777777777774
1 20996.0
2 20997.33333333333
0 21000.0
1 21008.5
1 21012.0
0 21013.5
3 21016.0
0 21024.571428571428
3 21026.85714285714
2 21043.999999999996
3 21045.714285714283
0 21077.999999999996
0 21082.0
1 21092.0
0 21108.0
0 21112.0
3 21120.0
1 21124.0
0 21125.714285714286
2 21177.999999999996
2 21181.333333333332
1 21194.0
0 21195.2
2 21198.0
1 21210.400000000005
0 21340.0
0 21352.000000000004
1 21368.571428571428
3 21380.0
2 21412.0
3 21415.0
2 21417.5
0 21417.714285714286
1 21425.999999999996
0 21441.333333333332
0 21444.8
1 21448.0
0 21450.666666666664
1 21454.0
0 21456.0
3 21467.0
2 21488.800000000003
1 21492.0
0 21496.666666666668
0 21499.999999999996
1 21501.333333333332
0 21503.199999999997
2 21512.000000000004
1 21513.600000000002
0 21525.6
1 21544.0
0 21583.999999999996
3 21600.0
0 21601.714285714283
1 21667.33333333333
0 21703.999999999996
3 21706.5
3 21717.5
0 21719.999999999993
1 21720.0
3 21722.285714285714
1 21732.571428571424
0 21749.142857142855
2 21760.0
3 21761.5
0 21765.142857142855
0 21768.0
2 21769.714285714283
1 21780.0
2 21781.142857142855
0 21784.0
1 21785.333333333332
2 21785.6
1 21788.0
3 21796.0
2 21799.0
1 21802.0
0 21806.0
0 21816.0
1 21834.0
1 21868.0
0 21869.600000000006
0 21872.0
1 21883.0
3 21964.0
2 21969.333333333332
1 21974.0
0 22076.8
1 22104.0
2 22364.0
3 22372.666666666668
1 22388.666666666664
2 22422.666666666664
3 22436.0
0 22452.5
0 22456.5
1 22460.0
0 22469.5
2 22480.0
1 22481.333333333336
0 22484.0
1 22485.5
0 22487.999999999996
1 22489.714285714283
3 22500.0
0 22517.714285714283
0 22520.0
1 22552.0
2 22615.999999999996
1 22618.285714285714
2 22621.333333333332
1 22632.0
0 22641.714285714283
1 22658.857142857138
0 22664.0
1 22666.0
2 22668.0
0 22677.142857142855
3 22680.0
2 22688.571428571428
2 22692.0
3 22693.14285714286
0 22694.0
2 22696.800000000003
1 22716.0
2 22725.333333333332
2 22726.666666666664
1 22729.333333333336
2 22731.200000000004
3 22740.0
1 22742.0
0 22760.0
1 22768.800000000003
2 22806.399999999998
1 22808.0
0 22809.333333333332
0 22819.999999999996
1 22836.666666666664
1 22840.0
0 22841.999999999996
3 22872.000000000004
0 22875.2
3 22884.8
2 22904.0
1 22978.0
2 23107.999999999993
2 23112.0
1 23113.5
1 23124.0
2 23125.5
0 23128.0
3 23135.999999999993
2 23153.14285714286
2 23154.857142857145
3 23157.33333333333
1 23160.0
3 23169.33333333333
0 23174.28571428571
0 23176.0
1 23178.0
1 23188.0
0 23190.0
2 23192.000000000004
3 23208.0
2 23244.0
3 23245.333333333332
0 23248.0
3 23256.8
3 23272.000000000004
0 23307.2
2 23311.333333333332
1 23376.0
0 23383.999999999996
1 23386.666666666664
1 23388.800000000003
0 23400.8
3 23412.0
2 23427.999999999996
3 23429.714285714283
1 23433.999999999996
0 23436.0
1 23444.666666666664
0 23448.0
0 23449.333333333332
2 23452.000000000004
1 23462.399999999998
0 23478.4
2 23513.333333333336
3 23515.999999999996
0 23524.0
3 23542.0
3 23545.142857142855
1 23548.0
0 23549.999999999996
2 23552.000000000004
1 23553.600000000002
0 23564.0
1 23566.4
0 23568.0
0 23577.0
1 23580.0
0 23583.0
2 23592.0
1 23595.0
0 23612.0
1 23614.0
2 23616.0
3 23624.0
0 23642.666666666664
2 23652.0
1 23655.0
0 23688.0
1 23753.0
1 23756.0
2 23765.0
3 23771.0
0 23772.0
1 23781.0
2 23784.0
1 23787.0
0 23796.0
1 23815.0
2 23824.0
1 23825.600000000002
0 23828.0
3 23844.0
2 23846.0
0 23848.0
1 23881.333333333332
0 23888.0
3 24024.0
0 24024.8
1 24028.0
0 24031.0
1 24040.0
0 24041.0
1 24044.0
1 24045.333333333332
3 24048.0
2 24056.0
1 24072.0
2 24108.0
3 24117.333333333332
1 24121.0
0 24140.0
0 24148.0
0 24152.0
1 24154.0
0 24156.0
0 24164.0
0 24182.666666666664
1 24192.0
1 24212.0
0 24213.600000000002
1 24216.0
0 24224.0
0 24228.0
0 24231.0
0 24232.0
2 24312.0
1 24336.0
2 24355.0
1 24357.600000000002
0 24359.0
0 24368.0
1 24371.0
2 24374.0
3 24377.333333333332
3 24378.0
2 24381.333333333332
0 24384.0
3 24386.0
2 24388.0
0 24400.0
1 24408.0
0 24410.0
1 24444.0
0 24452.0
0 24472.0
3 24482.666666666664
1 24474.0
2 24476.0
1 24484.0
1 24488.0
1 24488.0
0 3.9999999999999987
1 5.428571428571427
1 15.999999999999995
0 17.428571428571427
3 20.000000000000004
0 21.538461538461544
3 31.999999999999993
0 48.307692307692314
1 52.0
0 53.53846153846154
0 55.99999999999998
1 64.33333333333334
0 68.00000000000001
0 69.33333333333333
0 72.0
3 80.36363636363639
2 94.9090909090909
1 133.09090909090907
0 135.99999999999997
1 144.33333333333331
0 147.99999999999997
1 149.33333333333334
1 160.0
0 176.33333333333331
2 180.00000000000003
1 181.33333333333334
0 183.99999999999994
1 193.090909090909
0 195.99999999999997
3 197.45454545454547
1 200.0
0 201.60000000000002
1 212.0
0 213.20000000000002
3 231.99999999999997
0 272.4
0 276.0
1 277.4545454545455
3 343.99999999999994
0 345.09090909090907
2 348.00000000000006
0 356.4444444444444
3 376.0
0 377.4545454545455
0 380.0
1 389.6000000000001
1 391.99999999999994
2 391.99999999999994
0 393.33333333333326
1 404.0
1 420.44444444444446
2 425.33333333333326
0 428.0
1 436.00000000000006
1 438.2222222222223
0 469.5
1 484.0
0 485.6
1 488.0
0 489.33333333333337
0 499.99999999999994
0 501.3333333333333
2 504.0
3 520.0
0 532.0
1 548.0000000000001
0 550.6666666666666
0 553.7777777777777
0 556.0
3 564.0
2 596.0
1 664.5
0 676.0000000000001
3 804.3999999999999
1 808.0
0 816.4000000000001
2 811.9999999999998
3 836.0000000000001
0 837.2000000000002
2 840.4444444444446
1 848.4444444444442
2 868.0
1 901.1999999999999
2 912.4000000000002
2 916.0
1 917.4545454545454
0 920.0
3 928.0
0 945.5999999999999
3 949.2
0 951.9999999999998
0 953.6000000000001
1 955.9999999999998
0 964.4444444444442
3 976.0
0 977.6000000000001
0 980.0000000000001
0 981.3333333333335
1 996.5
1 1000.0000000000001
2 1037.5
1 1108.3999999999999
1 1112.0000000000002
2 1113.6000000000001
0 1124.0
0 1125.6
1 1128.0
0 1129.3333333333335
2 1132.0
1 1141.0
3 1160.0
1 1168.4444444444446
1 1171.9999999999998
3 1188.0
2 1220.4444444444443
2 1224.4444444444443
1 1232.888888888889
1 1237.333333333333
1 1247.9999999999998
2 1264.8000000000002
0 1268.0
3 1269.6000000000001
1 1272.0000000000002
2 1273.3333333333333
0 1284.0
1 1285.3333333333333
1 1296.0
0 1297.3333333333333
3 1300.0
0 1302.0
1 1320.0
0 1321.5
1 1332.0
1 1333.5
2 1336.0
1 1344.5714285714284
1 1364.0
1 1365.0
1 1366.8571428571427
3 1376.0
0 1377.142857142857
1 1412.6666666666665
0 1477.7142857142856
1 1607.4285714285716
1 1610.5
1 1621.5
2 1880.0
1 1881.3333333333333
1 1891.9999999999998
0 1908.4444444444443
3 1940.0000000000005
2 1942.2222222222226
3 1953.3333333333335
2 1970.2222222222224
0 1974.4
0 1984.4000000000003
3 1987.9999999999998
0 1989.1999999999998
1 1989.7777777777778
3 2001.333333333333
0 2002.6666666666667
1 2004.5
1 2008.0
2 2024.0
1 2036.0
2 2037.3333333333335
0 2048.0000000000005
1 2049.777777777778
2 2080.5
3 2148.0
2 2152.0
3 2153.777777777778
0 2159.5
1 2180.0
0 2184.0
1 2185.777777777778
0 2187.0
0 2197.5
1 2214.0
0 2217.3333333333335
3 2248.0
0 2251.0
0 2253.714285714286
1 2273.5
0 2292.0
0 2293.2
3 2304.0000000000005
0 2305.6000000000004
1 2308.0
0 2309.7777777777774
1 2311.0
3 2320.0
0 2337.5
3 2341.1428571428573
0 2344.0
1 2346.0
1 2355.0
0 2357.0
2 2360.0
1 2368.0
0 2372.0
1 2373.1428571428573
2 2374.0
0 2377.333333333333
2 2380.0
1 2388.7999999999997
1 2404.8
1 2442.0
0 2508.0
0 2644.0
1 2662.0
1 2697.3333333333335
0 2700.0
2 2700.0
0 2701.5
2 2713.0
1 2716.0
0 2724.5
0 2728.0
1 2729.0
2 2732.0
1 2741.714285714286
2 2760.0
1 2762.0
0 2772.0
1 2789.0
3 2792.0
0 2793.5
2 2800.0
1 2805.7142857142853
0 2808.0
0 2809.714285714286
0 2811.9999999999995
0 2821.333333333333
0 2824.0
1 2826.0
3 2828.0
2 2844.0000000000005
3 2885.6000000000004
0 2952.6666666666665
1 2964.0
3 2980.0
0 2984.0
0 2985.5
1 2996.0
1 2997.5
2 2999.9999999999995
3 3031.999999999999
3 3036.0
0 3037.714285714286
1 3044.0
0 3062.0
1 3065.714285714286
2 3070.0
1 3080.0
1 3080.5714285714284
2 3084.0
0 3085.9999999999995
2 3088.0
1 3096.8
1 3116.0
0 3118.0
2 3120.0
0 3128.8
3 3132.0000000000005
2 3164.0000000000005
3 3229.6
2 3241.333333333333
1 3243.9999999999995
2 3245.333333333333
0 3255.9999999999995
0 3274.0
1 3275.333333333333
0 3276.0
1 3287.2
0 3303.2000000000003
1 3307.333333333332
1 3310.4
2 3319.999999999999
1 3321.333333333333
2 3323.2000000000007
1 3332.0000000000005
0 3336.0
2 3337.333333333333
3 3348.0
0 3380.0
1 3396.8
0 3400.0
3 3409.6000000000004
0 3412.666666666666
1 3413.6
3 3417.0
1 3427.0
0 3429.6000000000004
2 3440.0
3 3458.4
2 3488.8
3 3494.0
0 3495.9999999999995
1 3497.6000000000004
3 3500.0
1 3501.333333333333
0 3504.0
1 3513.333333333333
0 3529.333333333333
1 3533.333333333333
3 3536.0
2 3544.0
1 3559.9999999999995
0 3562.6666666666665
3 3566.666666666666
0 3568.0
2 3578.0
0 3580.0
3 3582.0
2 3584.0
0 3592.0
1 3612.0
0 3612.0
0 3616.0
0 3624.0
0 3628.0
0 3628.0
