0 3.9999999999999987
1 5.428571428571427
1 14.857142857142852
0 17.428571428571427
0 20.000000000000004
1 21.538461538461544
1 24.0
2 32.333333333333336
1 52.0
2 53.53846153846154
0 55.99999999999998
3 64.33333333333334
0 66.66666666666666
3 69.0909090909091
1 72.0
0 80.72727272727275
0 84.00000000000003
1 85.45454545454547
1 87.99999999999999
0 96.79999999999998
2 115.6
2 148.4
2 152.0
1 153.45454545454544
0 160.4
0 164.00000000000003
3 166.4
3 169.60000000000002
2 172.0
3 173.77777777777774
0 188.0
1 195.5
2 201.5
3 213.33333333333331
2 231.99999999999997
3 265.20000000000005
0 268.00000000000006
2 276.0
0 280.0
1 344.4
2 351.59999999999997
1 369.20000000000005
0 373.45454545454544
3 377.20000000000005
0 380.0
1 381.20000000000005
1 391.99999999999994
0 393.20000000000005
2 396.0
0 404.8888888888888
0 407.9999999999999
0 409.7777777777777
0 412.0
0 421.0
0 440.0
1 441.33333333333326
3 472.5
0 475.0
0 485.0
0 504.0
1 513.7777777777777
1 517.3333333333333
0 517.3333333333333
3 519.0
1 529.5
0 548.4444444444445
1 552.0
2 584.0000000000001
3 649.3333333333334
0 652.0
2 664.0
3 672.0000000000001
0 803.9999999999999
3 805.4545454545456
2 823.9999999999998
1 825.0909090909089
1 836.0
0 837.4545454545455
2 840.0
1 849.2
1 852.0000000000001
0 853.6000000000001
0 855.9999999999999
1 857.7777777777777
0 859.0
0 869.0
0 872.0
1 873.5
3 875.9999999999999
0 883.9999999999998
3 902.8571428571428
0 960.0
3 963.9999999999999
0 965.6
0 967.9999999999999
0 969.3333333333333
2 969.5
0 973.1428571428572
1 983.9999999999999
0 1000.0
3 1001.5
1 1012.5
0 1016.0
1 1017.5
2 1017.7142857142856
0 1021.9999999999999
1 1030.0
0 1033.7142857142858
3 1051.9999999999998
2 1092.0
3 1157.0
3 1160.5
0 1171.9999999999998
2 1188.4444444444443
3 1190.2222222222222
1 1199.9999999999995
0 1202.2222222222222
2 1236.5
2 1240.0
3 1248.4444444444443
1 1252.0
0 1253.7777777777778
0 1256.0
1 1257.5
0 1258.857142857143
0 1269.7142857142858
1 1280.0
0 1297.5
2 1300.0
1 1317.5
0 1320.0
2 1352.0
3 1416.5
0 1418.0
1 1428.5
0 1430.5
2 1441.0
1 1456.5
0 1461.0
3 1592.0
0 1593.3333333333333
1 1853.3333333333335
2 1863.9999999999998
1 1865.2000000000003
0 1872.4444444444443
1 1875.1111111111109
2 1878.6666666666665
2 1889.3333333333335
1 1905.7777777777778
1 1937.7777777777776
0 1944.0000000000005
1 1952.4000000000003
3 1968.3999999999999
0 1970.8000000000002
2 1974.8000000000002
2 1977.6
1 1980.0
0 1989.333333333333
0 1990.222222222222
2 1999.9999999999998
3 2002.2222222222224
0 2004.5
2 2008.0
1 2009.5
0 2011.9999999999995
1 2019.9999999999995
0 2037.7142857142853
2 2039.9999999999995
1 2072.5714285714284
2 2149.142857142857
3 2152.0
1 2164.5
0 2177.3333333333335
3 2180.8
0 2184.0
3 2185.333333333333
1 2196.0
2 2197.777777777778
0 2199.9999999999995
0 2201.5
0 2212.0
0 2228.5
1 2261.5
0 2265.3333333333335
0 2266.5
1 2269.5
2 2271.9999999999995
1 2280.571428571429
1 2283.9999999999995
0 2291.9999999999995
1 2309.142857142857
3 2320.0
2 2322.0
2 2325.5
1 2328.0
3 2329.7142857142853
3 2340.0
0 2341.7142857142853
1 2342.0
3 2345.9999999999995
2 2348.0
3 2349.6
0 2351.0
2 2362.0
1 2380.0
2 2381.6
1 2391.0
2 2407.0
0 2444.0
1 2453.333333333333
3 2464.0
0 2480.5714285714284
1 2516.0
0 2580.0
3 2708.5
2 2713.777777777778
1 2716.0
1 2717.5
1 2728.0
2 2729.5
3 2732.0
2 2741.142857142857
2 2756.0
0 2760.0
3 2762.285714285714
2 2772.5714285714284
3 2789.714285714286
3 2800.5
0 2804.0
3 2806.0
0 2816.0
3 2832.5
3 2867.999999999999
0 2933.3333333333335
2 2936.0
1 2944.4444444444443
2 2946.222222222222
1 2949.5
0 2952.0
2 2952.0
0 2954.285714285714
2 2964.5714285714284
1 2975.999999999999
2 2992.5
1 2996.0
2 2998.0
0 3000.0
1 3031.999999999999
2 3038.8571428571427
3 3042.2857142857138
0 3045.7142857142853
1 3049.7142857142853
0 3052.0
3 3052.6666666666665
2 3064.0000000000005
3 3079.999999999999
0 3084.0
3 3086.0
2 3096.0
3 3112.6666666666665
0 3115.999999999999
2 3124.666666666666
1 3127.9999999999995
0 3130.0
1 3132.0000000000005
3 3140.0
0 3142.4000000000005
1 3146.4
0 3148.0
1 3150.0
2 3148.0
0 3152.0
2 3162.0
2 3180.0
1 3181.333333333333
0 3184.0
3 3212.0
0 3216.0
1 3228.0
3 3230.0
1 3248.0
2 3316.0
1 3326.666666666666
0 3336.0
1 3354.0
2 3492.0
1 3748.666666666666
3 4264.0
0 4266.857142857143
0 4277.142857142857
2 4303.999999999999
3 4312.571428571428
2 4314.857142857143
0 4315.999999999999
3 4326.0
3 4337.142857142858
1 4352.0
0 4385.714285714285
3 4389.714285714285
2 4392.5
3 4396.0
1 4397.714285714285
0 4411.999999999999
1 4415.333333333333
3 4423.999999999999
1 4426.400000000001
2 4430.0
3 4433.6
0 4516.0
1 4533.0
1 4565.5
0 4569.333333333333
2 4580.0
1 4581.333333333333
3 4584.0
1 4597.142857142857
0 4608.0
1 4612.0
2 4614.5
0 4616.0
2 4618.857142857143
0 4627.999999999999
1 4644.571428571429
0 4646.857142857143
2 4682.0
1 4692.5
0 4752.0
1 4753.0
2 4879.999999999999
1 4882.857142857142
0 4893.333333333333
1 4904.5
3 4916.0
0 4933.333333333334
0 4936.0
0 4937.333333333333
2 4940.0
1 4948.0
2 4966.0
1 4969.5
0 4979.999999999998
1 4981.333333333332
2 4984.0
3 4985.5
0 4988.0
3 4989.714285714285
2 4999.999999999999
1 5016.0
3 5018.285714285714
0 5051.999999999999
3 5054.285714285714
1 5056.0
2 5066.666666666667
1 5070.400000000001
0 5079.999999999999
1 5081.714285714286
3 5083.999999999999
0 5093.999999999999
1 5096.0
2 5096.666666666666
2 5100.0
1 5101.6
2 5104.0
2 5114.0
1 5130.0
2 5134.0
1 5144.0
1 5160.0
3 5176.0
0 5240.0
1 5268.0
0 5271.333333333333
0 5274.400000000001
3 5284.0
0 5300.666666666666
0 5332.666666666667
3 5337.714285714284
2 5341.714285714285
1 5352.0
2 5368.571428571428
1 5372.0
2 5373.142857142857
0 5376.0
1 5383.999999999999
0 5387.333333333333
0 5390.0
3 5390.4
1 5394.0
0 5404.0
0 5428.000000000001
1 5431.333333333332
1 5434.0
2 5436.0
1 5438.4
2 5440.0
2 5450.0
1 5452.0
1 5460.0
0 5464.0
1 5465.0
0 5468.0
0 5477.333333333333
1 5480.0
0 5481.333333333333
2 5484.0
3 5500.0
0 5556.0
3 5592.0
2 5656.0
3 5785.6
2 6046.0
1 6055.999999999999
0 6058.285714285714
0 6060.0
1 6062.0
2 6080.0
1 6091.333333333332
3 6100.0
0 6101.714285714286
0 6111.999999999999
0 6113.714285714284
1 6117.714285714284
3 6118.0
1 6120.0
0 6128.000000000001
0 6144.800000000001
0 6150.4
3 6153.999999999999
0 6156.0
3 6157.6
1 6168.000000000001
1 6184.000000000001
0 6187.200000000002
1 6188.0
2 6192.0
3 6232.0
3 6248.0
2 6249.6
1 6260.0
0 6264.000000000001
1 6265.600000000001
2 6265.0
0 6332.0
1 6341.0
0 6346.0
3 6357.599999999999
1 6360.0
0 6362.400000000001
1 6364.000000000001
1 6366.0
2 6376.0
1 6378.0
1 6380.0
2 6382.666666666666
0 6384.0
0 6386.0
2 6388.0
1 6388.0
0 3.9999999999999987
0 5.428571428571427
2 7.999999999999998
1 16.923076923076916
0 20.000000000000004
2 21.538461538461544
1 24.0
0 32.333333333333336
1 52.00000000000001
0 53.230769230769226
3 55.99999999999998
0 64.0
1 67.99999999999999
3 69.33333333333333
1 72.0
0 81.09090909090911
2 84.00000000000003
3 85.45454545454547
0 88.0
1 96.4
0 114.00000000000001
1 148.72727272727275
3 160.00000000000006
0 176.99999999999997
2 180.0
0 181.66666666666666
1 183.99999999999994
0 192.7272727272727
0 196.00000000000003
3 197.45454545454547
1 200.0
0 208.00000000000003
1 225.60000000000005
1 229.33333333333331
0 232.0
3 240.4
0 244.00000000000003
0 245.60000000000005
0 254.39999999999998
3 272.4
0 308.00000000000006
1 373.0909090909091
1 376.0
0 385.090909090909
0 387.99999999999983
1 389.4545454545454
3 400.00000000000006
2 416.3636363636364
3 418.1818181818182
2 421.20000000000005
1 424.0
0 456.4000000000001
0 459.9999999999999
1 461.6
1 463.99999999999994
1 472.8888888888889
3 484.0
0 500.8
1 504.0
0 513.2
0 516.0000000000001
3 517.6
0 520.0
1 521.7777777777778
0 531.9999999999999
0 548.8888888888889
2 560.0
1 561.6
1 563.9999999999999
1 565.3333333333334
2 568.0
1 577.5
2 578.5
0 579.9999999999999
0 584.0
3 616.0
3 640.5714285714286
0 709.3333333333331
1 720.0
2 848.0
3 850.0000000000002
0 866.6666666666666
0 866.6666666666666
3 871.1111111111112
0 881.3333333333333
1 901.5
0 917.3333333333333
2 921.5
1 932.0000000000002
1 933.2000000000002
0 936.0
1 944.8888888888889
1 961.7777777777776
0 965.5999999999999
2 976.0000000000001
1 993.2000000000002
1 994.4000000000002
0 996.4444444444442
0 1000.0
1 1008.8888888888889
1 1012.0
0 1013.7777777777778
3 1040.0
1 1014.8571428571428
1 1018.2857142857141
2 1028.0
1 1030.2857142857142
3 1040.0
0 1042.2857142857142
3 1046.0
2 1048.0
1 1080.0
2 1089.3333333333333
3 1107.9999999999998
2 1112.0
3 1113.7142857142858
0 1123.9999999999998
3 1141.7142857142858
1 1152.0
0 1153.5
3 1184.0
0 1250.857142857143
1 1254.0
2 1265.5
1 1266.5
0 1284.5714285714284
0 1288.0
1 1296.5
0 1300.0
1 1302.0
0 1303.9999999999998
1 1312.5714285714284
1 1329.7142857142856
0 1333.3333333333333
3 1364.0
0 1366.8571428571427
1 1369.3333333333333
1 1373.3333333333333
2 1440.0
1 1448.5714285714284
1 1465.7142857142856
2 1469.7142857142858
3 1479.9999999999998
1 1482.0
0 1611.9999999999998
1 1613.0
2 1871.9999999999995
3 1880.0
0 1888.0
3 1905.5
0 1938.0
2 1945.3333333333333
3 1953.7777777777776
3 1973.2
0 1976.0
1 1977.1999999999998
2 1977.3333333333335
3 1983.5
0 1979.4285714285713
1 1985.9999999999998
0 1996.0
0 2005.5
3 2008.0
0 2017.5
1 2020.0
2 2036.0
1 2072.0
0 2137.333333333333
0 2138.222222222222
1 2149.333333333333
0 2150.6666666666665
2 2160.0
1 2177.3333333333335
1 2181.2
0 2184.0
2 2192.0
1 2195.9999999999995
3 2197.3333333333335
3 2207.9999999999995
0 2224.4444444444443
3 2226.222222222222
0 2229.5
1 2232.0
3 2233.714285714286
0 2235.9999999999995
1 2245.7142857142853
3 2248.0
0 2256.0
1 2271.9999999999995
2 2305.714285714286
1 2309.5
0 2312.5714285714284
1 2316.0
0 2317.714285714286
2 2319.9999999999995
1 2328.0
0 2331.9999999999995
1 2333.333333333333
3 2344.0
0 2345.9999999999995
2 2348.0
3 2364.0
0 2398.4
2 2410.0
1 2426.0
3 2429.9999999999995
1 2436.6666666666665
3 2441.9999999999995
0 2452.0
1 2453.7142857142853
3 2464.0
0 2465.142857142857
2 2468.0
1 2470.0
0 2472.0
1 2472.8
3 2472.0
0 2476.0
0 2484.0
1 2504.0
3 2505.333333333333
0 2508.0
0 2510.6666666666665
2 2521.333333333333
1 2540.0
2 2573.0
1 2637.0
0 2784.0000000000005
1 2801.142857142857
1 2802.857142857142
1 2806.0
2 2810.0
1 2818.666666666667
0 2820.0
3 2835.9999999999995
2 2868.6666666666665
1 2874.0
2 2875.3333333333335
3 2941.333333333333
0 2946.0
1 2955.9999999999995
2 2964.0
1 2980.0
0 3014.2857142857138
0 3015.9999999999995
1 3018.857142857143
2 3022.0
1 3030.0
3 3036.0
0 3043.9999999999995
3 3046.8571428571427
0 3049.714285714286
1 3051.9999999999995
0 3053.3333333333335
0 3063.9999999999995
3 3079.999999999999
2 3084.0
1 3091.999999999999
2 3108.0
1 3109.9999999999995
3 3113.999999999999
0 3116.0
3 3124.8
0 3128.0
0 3130.4
2 3132.0
1 3140.0
2 3160.0
2 3192.0000000000005
1 3193.6000000000004
0 3198.0
3 3209.6000000000004
1 3220.0
0 3221.999999999999
1 3224.0000000000005
0 3225.6000000000004
2 3236.0
1 3252.0000000000005
2 3255.2
0 3288.0
0 3292.0
1 3300.8
1 3319.2
0 3322.0
3 3332.0000000000005
0 3334.0
1 3400.0
0 3529.333333333333
0 3537.333333333333
3 3532.6666666666665
2 3536.0
1 3792.0000000000005
2 3801.6000000000004
1 4315.999999999999
1 4325.999999999999
0 4344.666666666666
3 4377.142857142857
1 4380.0
1 4392.0
0 4393.5
3 4400.571428571428
0 4417.714285714285
2 4475.428571428572
3 4488.0
2 4489.5
0 4492.0
1 4501.142857142857
2 4520.0
1 4521.5
3 4557.714285714285
0 4568.0
0 4568.888888888889
1 4569.5
3 4573.142857142857
2 4583.999999999999
3 4600.5
2 4602.0
1 4612.0
2 4614.0
3 4617.5
0 4620.0
2 4621.714285714285
0 4632.0
1 4648.0
2 4655.999999999999
0 4660.0
1 4664.0
0 4665.714285714285
0 4676.0
1 4677.142857142857
0 4680.0
2 4696.0
1 4730.0
2 4804.0
1 4805.5
3 4808.0
0 4810.857142857143
1 4820.0
2 4836.0
3 4838.857142857143
0 4841.333333333333
0 4852.0
3 4853.714285714285
2 4857.714285714286
0 4860.0
3 4868.666666666666
1 4879.999999999999
3 4896.0
2 4897.714285714286
1 4901.714285714285
0 5064.0
1 5065.5
1 5068.0
2 5077.142857142856
2 5080.0
1 5082.285714285714
0 5083.999999999999
0 5086.0
2 5096.0
1 5113.333333333333
0 5124.0
0 5125.714285714285
2 5128.0
1 5129.333333333333
0 5132.0
1 5132.800000000001
3 5132.0
0 5136.0
0 5136.0
1 5138.0
2 5140.0
0 5152.0
3 5178.0
1 5222.0
0 5224.0
2 5240.0
3 5242.400000000001
1 5252.0
0 5268.800000000001
3 5311.999999999999
0 5377.142857142857
0 5378.285714285714
0 5381.142857142857
2 5385.142857142856
0 5387.999999999999
1 5390.0
2 5396.0
3 5414.4
0 5450.4
3 5451.333333333334
2 5454.400000000001
1 5464.0
0 5536.666666666667
1 5538.857142857142
2 5669.333333333333
1 5674.0
0 5676.0
1 5684.571428571428
1 5701.714285714285
0 5705.142857142857
3 5708.0
0 5716.571428571428
0 5719.999999999999
1 5736.0
2 5992.0
1 5994.285714285714
3 6004.0
2 6009.714285714284
1 6012.0
0 6013.142857142857
0 6014.666666666667
3 6024.0
0 6041.333333333333
0 6076.0
3 6085.142857142856
3 6088.0
3 6091.999999999999
0 6093.714285714284
1 6104.0
2 6119.999999999998
3 6128.571428571428
0 6132.5
3 6134.285714285714
1 6137.714285714285
3 6139.999999999999
1 6141.999999999999
3 6144.000000000001
0 6152.799999999999
1 6156.0
3 6165.0
0 6183.999999999998
0 6216.0
1 6290.666666666666
0 6293.5
3 6308.5714285714275
2 6311.999999999999
3 6313.714285714285
0 6348.0
1 6349.714285714285
3 6353.999999999998
0 6362.666666666666
1 6364.000000000001
0 6365.333333333332
2 6368.000000000001
2 6380.0
3 6403.999999999999
2 6406.857142857143
2 6409.142857142858
1 6410.0
3 6421.333333333333
2 6422.666666666666
2 6425.333333333332
0 6428.000000000001
1 6438.4
1 6456.0
1 6464.666666666666
3 6488.000000000001
0 6492.0
3 6500.8
2 6504.666666666666
0 6510.4
1 6530.4
2 6596.0
1 6725.333333333333
3 6728.666666666666
0 6737.333333333332
1 6741.142857142857
2 6741.999999999999
0 6744.800000000001
1 6752.800000000001
1 6758.4
0 6775.999999999999
1 6785.999999999999
2 6804.0
1 6837.142857142857
1 6838.857142857142
2 6849.142857142855
3 6853.0
1 6856.0
0 6857.714285714285
0 6860.0
0 6861.999999999999
3 6871.999999999999
0 6889.999999999998
1 6891.999999999998
0 6902.0
2 6904.000000000001
3 6905.333333333332
3 6915.999999999998
0 6917.333333333332
1 6920.0
0 6928.000000000001
2 6948.000000000001
1 6979.999999999999
0 6984.0
1 6985.333333333332
2 6988.000000000001
1 6990.4
2 7000.0
1 7002.400000000001
0 7004.000000000001
1 7006.0
2 7004.0
0 7008.0
0 7016.0
0 7020.0
2 7022.0
0 7024.0
1 7032.0
1 7036.0
1 7036.0
0 3.9999999999999987
0 5.428571428571427
2 7.999999999999998
3 16.307692307692307
0 20.000000000000004
1 21.538461538461544
1 31.999999999999993
1 48.307692307692314
1 52.00000000000001
0 53.53846153846153
0 55.99999999999998
3 64.33333333333334
0 66.66666666666667
3 69.0909090909091
1 72.00000000000001
0 80.72727272727275
0 84.0
3 85.45454545454547
1 87.99999999999999
0 89.6
2 100.00000000000001
1 116.0
3 119.99999999999997
0 152.0
2 156.0
1 164.40000000000003
1 168.00000000000003
0 184.40000000000003
3 188.00000000000003
2 195.99999999999997
1 197.2
0 201.33333333333334
2 209.77777777777774
1 229.20000000000005
3 239.99999999999997
2 273.09090909090907
3 337.81818181818187
3 341.33333333333337
0 351.99999999999994
1 368.0
1 372.0
2 373.66666666666663
1 384.0
1 384.99999999999994
0 387.99999999999994
1 389.81818181818176
0 400.00000000000006
1 401.81818181818187
0 404.00000000000006
0 405.6000000000001
1 416.00000000000006
1 432.8
1 468.00000000000006
2 469.4545454545456
0 479.99999999999994
2 496.3636363636364
1 499.9999999999999
0 501.4545454545454
0 504.0
3 513.2
1 516.0000000000001
1 517.6
2 520.0
1 528.8888888888889
1 530.6666666666666
2 549.0
1 592.0
2 593.4545454545455
0 596.0000000000001
1 597.2
2 599.9999999999998
0 601.5
3 612.0
0 675.9999999999999
1 808.0
2 822.3999999999999
3 826.4000000000001
3 837.2000000000002
0 840.0
3 841.5999999999999
0 852.0000000000001
1 869.2
3 911.9999999999998
2 913.3333333333334
0 915.9999999999999
1 917.4545454545454
0 920.0
0 921.5999999999999
2 923.9999999999998
1 933.3333333333333
3 952.0000000000002
0 960.4
2 963.9999999999999
3 965.1999999999999
0 967.9999999999999
2 976.8888888888889
1 980.0000000000001
0 981.7777777777778
1 984.0000000000001
2 985.5
0 996.0
1 1012.5
0 1016.0
3 1024.0
0 1040.5
0 1076.5
3 1141.7777777777776
0 1152.4444444444443
1 1156.0
0 1156.4
0 1158.2222222222222
0 1160.4444444444446
0 1162.0
0 1172.0
3 1189.5
0 1199.9999999999995
1 1201.333333333333
3 1205.0
0 1207.9999999999998
2 1209.5
1 1240.5714285714284
0 1245.7142857142856
3 1247.9999999999998
0 1257.7142857142858
3 1272.5714285714284
3 1276.5714285714284
0 1280.0
1 1289.7142857142858
3 1292.0
0 1293.7142857142858
0 1303.9999999999998
3 1305.7142857142858
1 1308.0
0 1310.0
1 1312.0000000000002
0 1322.3999999999999
1 1324.0
2 1332.0000000000002
1 1349.6
1 1351.2000000000003
3 1384.0
2 1448.8000000000002
2 1467.2000000000003
3 1600.8
2 1858.2857142857142
1 1876.0
2 1892.8888888888887
0 1924.7999999999997
3 1930.0
2 1940.0
1 1942.0000000000002
2 1945.3333333333333
1 1956.0
2 1957.6000000000001
2 1967.1999999999998
1 1984.8000000000002
0 1988.0
3 1989.2
0 1990.6666666666665
3 1993.7777777777776
0 1996.0000000000002
1 1996.0
0 1997.7142857142858
0 2008.0
0 2024.5714285714284
3 2028.5714285714287
0 2038.8571428571427
0 2041.5
2 2052.0
1 2053.5
0 2084.5714285714284
1 2152.0
2 2169.5
2 2181.5
1 2192.0
0 2193.6
2 2196.0
0 2197.333333333333
2 2197.5
0 2209.0
3 2228.0000000000005
0 2229.3333333333335
2 2232.0
1 2233.5
3 2235.9999999999995
1 2237.7142857142853
0 2248.0
1 2249.142857142857
2 2250.0
0 2252.8
3 2264.0
2 2271.9999999999995
1 2289.333333333333
0 2326.0
1 2328.0
0 2329.7142857142853
3 2343.9999999999995
0 2346.6666666666665
3 2357.333333333333
2 2360.6666666666665
3 2364.0
0 2372.0
1 2420.0
3 2426.4
0 2428.0
3 2429.7142857142853
1 2432.0
0 2440.6666666666665
2 2451.9999999999995
1 2469.7142857142853
1 2480.0
3 2504.0
0 2569.714285714286
3 2698.857142857142
0 2710.5
0 2713.7142857142853
1 2716.0
3 2723.0
2 2740.0
1 2744.0
2 2748.0
0 2749.5
2 2760.0
1 2761.5
0 2761.7142857142853
0 2763.333333333333
0 2766.0
2 2770.3999999999996
3 2778.4
1 2790.0
3 2796.0
2 2806.4
1 2809.9999999999995
0 2813.6
3 2856.0
2 2921.142857142857
0 2932.0
1 2948.0
0 2951.0
0 2953.5
0 2954.8571428571427
0 2964.0
0 2975.999999999999
1 2992.0
1 2996.0
0 2997.5
0 3000.0
0 3001.7142857142853
2 3003.9999999999995
1 3012.0
3 3048.0
2 3049.7142857142853
1 3052.0
0 3054.0
0 3063.9999999999995
1 3079.999999999999
3 3084.0000000000005
2 3091.999999999999
3 3109.9999999999995
3 3152.0
0 3154.5
3 3157.5
0 3160.0
1 3161.714285714286
3 3163.999999999999
1 3173.333333333333
1 3176.0
0 3178.0
2 3180.0
1 3182.4000000000005
0 3192.0
3 3208.0
0 3209.6000000000004
3 3213.6000000000004
1 3224.0000000000005
0 3240.0
1 3244.0000000000005
1 3252.0000000000005
3 3304.0
2 3433.6000000000004
0 3436.0
1 3452.0000000000005
2 3460.0
3 3478.3999999999996
0 3514.0
1 3516.0
2 3525.333333333333
1 3528.0
0 3537.333333333333
0 3540.0
0 3544.0000000000005
1 3545.999999999999
0 3555.9999999999995
1 3557.999999999999
2 3560.0
1 3569.6
1 3585.6000000000004
3 3604.0000000000005
1 3620.0
0 3687.2
1 3689.9999999999995
3 3699.9999999999995
2 3701.333333333333
1 3716.0
1 3720.0
2 3728.8
3 3733.6
0 3736.8
0 3740.0
1 3742.4000000000005
3 3743.0
1 3752.0
0 3753.0
1 3756.0
1 3757.333333333333
2 3761.333333333333
0 3772.0
1 3790.6666666666665
1 3800.0
1 3816.0
0 3848.0
2 3853.0
1 3862.0
3 3865.0
0 3881.0
1 3884.0
0 3893.0
0 3896.0
1 3898.0
1 3908.0
2 3911.0
1 3912.0
1 3914.6666666666665
1 3924.0
1 3940.0
0 3973.333333333333
0 4037.333333333333
2 4044.0
3 4054.0
0 4180.0
3 4443.0
2 4454.4
1 4468.0
0 4501.333333333333
1 4513.333333333333
0 4514.285714285714
2 4518.285714285714
0 4521.333333333333
0 4524.0
1 4525.333333333333
3 4528.0
0 4538.4
1 4555.999999999999
1 4557.999999999999
3 4562.400000000001
2 5076.8
0 5096.0
1 5131.333333333333
0 5141.714285714285
3 5145.714285714285
0 5154.857142857143
3 5157.714285714285
0 5158.857142857142
2 5168.0
3 5238.857142857142
2 5250.5
3 5253.5
0 5256.0
0 5260.0
3 5261.714285714285
0 5271.999999999999
2 5288.0
3 5321.714285714285
2 5325.333333333333
1 5336.0
0 5344.0
1 5362.0
1 5365.5
0 5368.0
0 5369.5
0 5380.0
1 5381.5
2 5383.999999999999
1 5392.5714285714275
0 5411.999999999999
1 5445.0
0 5448.0
1 5449.0
2 5449.142857142857
1 5460.0
3 5513.333333333333
0 5526.857142857141
3 5529.714285714285
2 5660.0
1 5667.999999999999
0 5685.142857142857
1 5689.5
3 5701.714285714284
0 5702.5
1 5957.142857142857
1 5961.142857142858
2 5964.571428571428
1 5972.5714285714275
1 5976.5714285714275
0 5979.999999999998
3 5981.714285714286
3 5992.0
0 6009.714285714286
3 6041.714285714285
2 6050.857142857143
0 6055.999999999999
1 6073.0
3 6076.0
0 6085.5
1 6088.0
0 6089.5
0 6100.0
1 6101.5
2 6104.0
1 6112.5714285714275
1 6128.571428571428
0 6133.714285714285
1 6134.857142857142
1 6137.714285714285
2 6171.999999999999
1 6173.142857142857
0 6235.999999999999
1 6240.0
2 6249.999999999999
0 6261.142857142857
1 6279.999999999999
1 6289.0
1 6292.000000000001
0 6294.0
2 6304.0
1 6321.0
2 6354.0
1 6357.714285714286
0 6360.0
1 6368.5
0 6372.0
0 6373.5
0 6376.0
2 6382.857142857143
1 6386.857142857142
3 6403.999999999999
2 6408.0
1 6409.714285714286
3 6411.999999999998
2 6420.666666666666
0 6424.000000000001
1 6425.999999999999
3 6435.999999999998
2 6437.333333333332
1 6447.999999999998
1 6463.999999999999
0 6468.000000000001
1 6470.0
0 6470.4000000000015
2 6473.0
0 6476.0
1 6486.0
3 6504.0
2 6544.000000000001
3 6609.333333333332
3 6738.0
1 6741.999999999999
1 6744.000000000001
2 6746.666666666666
0 6756.0
1 6771.999999999998
0 6805.333333333332
0 6809.333333333331
3 6814.285714285713
1 6819.999999999998
2 6838.666666666666
3 6848.5714285714275
0 6850.285714285714
1 6853.333333333333
1 6856.666666666666
0 6867.999999999999
0 6869.714285714285
2 6871.999999999999
3 6873.333333333332
1 6876.0
0 6876.799999999999
1 6884.0
0 6906.0
1 6939.999999999998
0 6941.333333333332
2 6951.999999999998
1 6953.333333333332
3 6956.0
2 6964.000000000001
3 6980.8
0 6984.000000000001
1 7048.000000000001
1 7059.999999999998
2 7061.999999999999
1 7064.000000000001
1 7066.4000000000015
1 7068.0
0 7076.0
1 7094.0
1 7104.000000000001
3 7158.4
0 7158.857142857143
0 7161.714285714285
1 7164.0
3 7166.0
1 7168.000000000001
0 7176.799999999999
3 7180.0
0 7181.6
2 7192.0
1 7208.000000000001
0 7212.0
1 7220.0
3 7224.000000000001
0 7232.0
3 7234.400000000001
0 7236.0
0 7238.0
0 7246.0
3 7266.0
1 7268.0
2 7300.0
1 7304.0
1 7307.0
3 7309.333333333333
0 7312.0
3 7313.333333333333
1 7316.0
0 7324.0
0 7344.0
3 7354.666666666666
0 7356.0
1 7358.666666666666
0 7360.0
1 7362.0
2 7364.0
1 7372.0
3 7388.0
0 7424.0
3 7426.0
1 7428.0
0 7436.0
0 7440.0
0 7440.0
0 3.9999999999999987
1 5.428571428571427
1 7.999999999999998
0 16.92307692307692
0 19.999999999999996
0 21.538461538461544
2 31.38461538461538
1 48.307692307692314
0 52.0
1 53.230769230769226
2 55.99999999999998
1 57.66666666666665
3 67.99999999999999
0 69.33333333333333
1 80.0
0 81.66666666666666
1 84.00000000000003
0 85.09090909090911
2 102.40000000000002
1 105.45454545454545
0 140.0
1 148.72727272727275
1 151.99999999999997
2 160.36363636363637
1 162.54545454545453
2 165.20000000000002
0 167.99999999999994
1 176.79999999999998
1 195.99999999999997
0 197.45454545454547
0 200.0
1 209.20000000000005
1 210.40000000000003
2 228.44444444444446
1 232.0
1 240.8
1 244.00000000000003
0 245.60000000000002
0 255.99999999999997
1 257.59999999999997
1 260.0
0 261.77777777777777
0 264.0
3 272.0
0 288.5
1 322.0
3 325.7777777777778
0 392.0
3 393.33333333333326
1 397.5
0 407.0
2 423.9999999999999
1 425.33333333333326
3 433.5
0 437.5
1 441.5
0 444.0
1 453.5
1 463.99999999999994
0 481.33333333333326
2 515.9999999999999
1 517.6
2 528.0
1 529.2
0 531.9999999999999
1 533.3333333333333
3 536.0
1 538.0
2 539.9999999999999
1 548.5714285714284
0 552.0
1 560.5714285714286
1 577.1428571428571
1 612.5
2 678.5
2 832.4444444444445
3 836.0
2 837.4545454545455
0 840.0
3 849.2
0 866.4
0 869.2
3 904.0000000000002
0 905.0909090909092
2 908.0
0 916.8000000000002
1 920.0
0 929.2
1 945.1999999999999
1 948.3999999999999
1 952.0000000000002
0 961.1999999999999
1 963.9999999999999
0 965.5999999999999
3 967.9999999999999
0 976.4444444444445
3 980.0
2 995.9999999999998
3 999.9999999999999
2 1008.8888888888889
1 1012.0000000000002
1 1013.3333333333334
3 1016.0
1 1017.5
3 1028.0
2 1029.5
0 1032.0
3 1033.142857142857
2 1036.0
3 1045.3333333333333
1 1048.0
2 1056.0
1 1074.6666666666665
0 1109.7142857142858
2 1176.0
1 1177.5
1 1188.0
2 1189.5
3 1204.0
3 1208.0
0 1210.8571428571427
1 1252.0
0 1269.0
0 1271.0
1 1273.5
2 1277.7142857142856
3 1288.0
2 1290.0
1 1292.0
3 1300.0
2 1317.1428571428569
2 1322.0
3 1332.0
2 1334.0
0 1336.0
1 1337.7142857142856
0 1339.333333333333
1 1342.0
0 1351.9999999999998
1 1368.0
1 1372.0
0 1380.0
2 1416.0
1 1481.7142857142856
0 1611.428571428571
2 1876.0
1 1893.3333333333333
3 1929.6000000000004
0 1938.545454545455
3 1941.4545454545457
1 1944.0000000000005
0 1945.6000000000001
0 1947.9999999999995
2 1956.4444444444441
3 1976.0000000000005
2 1984.8000000000002
0 1987.9999999999998
3 1989.1999999999998
1 1991.9999999999995
0 1993.7777777777776
1 2004.0000000000002
0 2005.7777777777778
3 2008.0
0 2016.5
3 2020.0
0 2022.0
2 2048.0
1 2080.0
2 2082.666666666666
1 2085.777777777778
0 2152.0
1 2160.4444444444443
3 2174.2222222222226
2 2178.6666666666665
0 2181.5
1 2185.777777777778
0 2188.0
0 2189.5
0 2190.8571428571427
0 2201.142857142857
1 2218.285714285714
1 2252.0
1 2264.0
0 2265.777777777778
2 2268.0
1 2277.5
2 2296.0
1 2297.333333333333
0 2307.9999999999995
1 2308.8888888888887
1 2311.9999999999995
0 2314.0
0 2324.0
1 2340.5
0 2344.0
1 2345.0
2 2347.9999999999995
1 2357.7142857142853
0 2368.0
1 2369.0
2 2372.0
1 2374.285714285714
2 2383.9999999999995
1 2401.7142857142853
2 2436.0
1 2437.0
1 2440.0
3 2504.0
0 2633.142857142857
1 2636.6666666666665
3 2648.0
0 2665.5
0 2667.0
1 2708.0
0 2709.7777777777774
3 2713.3333333333335
0 2716.0
1 2717.5
3 2717.7142857142853
1 2729.142857142857
0 2746.2857142857138
0 2749.7142857142853
3 2760.0
0 2762.0
3 2772.0
0 2788.5
1 2791.9999999999995
0 2801.0
2 2804.0
3 2805.5
2 2806.8571428571427
0 2840.0
3 2904.5714285714284
0 2909.1428571428573
1 2912.0
0 2919.999999999999
1 2937.7142857142853
2 2946.857142857142
0 2952.0
2 2958.857142857142
3 2962.0
2 2965.714285714286
1 2968.0
0 2969.7142857142853
2 2972.0
0 2984.8
3 3017.6000000000004
0 3029.6
1 3034.857142857143
1 3038.285714285714
0 3040.0
2 3048.6666666666665
3 3054.6666666666665
2 3058.0
1 3060.8
0 3064.8
1 3068.0
2 3068.0
0 3072.0
0 3082.0
3 3100.0
0 3116.0
0 3128.0
3 3135.9999999999995
1 3140.0
0 3142.0
2 3144.0000000000005
3 3145.6000000000004
2 3148.0
2 3158.0
1 3176.0
0 3210.4
0 3276.0
1 3277.333333333333
2 3282.4000000000005
1 3304.0000000000005
2 3432.6666666666665
3 3463.999999999999
0 3468.0
1 3478.6666666666665
0 3489.142857142857
0 3492.0
3 3493.714285714286
0 3495.333333333333
0 3497.999999999999
3 3507.9999999999995
0 3524.666666666666
1 3528.0
0 3529.9999999999995
1 3540.0
0 3541.333333333333
2 3545.333333333333
3 3546.4
1 3557.5999999999995
0 3559.999999999999
1 3562.4000000000005
3 3564.0
0 3573.0
0 3592.0000000000005
0 3593.6000000000004
0 3596.0
3 3599.0
1 3608.0
2 3912.0
3 3977.3333333333326
1 3988.0
1 4005.142857142857
0 4009.142857142857
3 4019.9999999999995
1 4520.666666666666
0 4535.333333333333
1 4537.5
1 4538.857142857143
0 4540.0
3 4552.0
0 4553.142857142857
0 4564.0
1 4580.5714285714275
1 4583.999999999999
0 4585.714285714285
2 4590.666666666666
0 4587.2
3 4628.0
2 4632.0
3 4639.999999999999
0 4657.333333333333
0 4663.999999999999
1 4665.714285714284
2 4668.0
1 4668.666666666667
1 4680.0
3 4711.999999999999
0 4776.666666666666
3 4788.666666666667
0 4805.714285714284
2 4808.0
3 4810.285714285715
1 4820.0
2 4821.714285714285
3 4826.0
2 4827.333333333333
2 4838.0
3 4839.333333333333
2 4842.0
0 4860.0
3 4869.333333333333
1 4970.4
2 4871.200000000001
3 4896.0
2 4912.8
3 4920.0
2 4921.333333333333
3 4923.2
2 4934.400000000001
3 4948.8
3 4952.800000000001
0 4956.0
3 4957.6
1 4960.0
2 4962.0
0 4972.0
1 4990.0
1 5024.0
2 5096.0
1 5113.333333333333
1 5246.0
0 5256.0
1 5257.5
1 5260.0
0 5268.571428571428
0 5271.999999999999
0 5281.142857142857
2 5284.0
1 5300.571428571428
1 5336.0
2 5344.0
1 5348.0
0 5349.5
1 5350.857142857142
0 5361.714285714286
1 5364.0
2 5380.0
1 5383.999999999999
0 5385.714285714285
2 5388.0
1 5395.999999999999
2 5398.666666666666
2 5401.333333333333
0 5404.0
1 5412.800000000001
3 5432.0
0 5433.333333333332
1 5434.400000000001
2 5468.0
1 5540.8
0 5544.0
2 5552.666666666666
1 5572.0
0 5573.714285714285
2 5575.999999999999
3 5578.666666666666
3 5587.999999999999
2 5590.666666666666
1 5720.0
0 5977.333333333334
0 5980.0
1 5988.666666666666
0 6005.999999999999
2 6040.0
1 6049.142857142857
0 6052.666666666667
1 6056.0
3 6057.714285714285
3 6068.0
0 6085.714285714284
3 6087.42857142857
2 6091.999999999998
3 6093.714285714286
1 6104.0
1 6120.5714285714275
1 6124.0
0 6125.714285714285
1 6127.333333333332
2 6136.0
1 6137.333333333333
1 6147.999999999998
0 6151.333333333332
2 6152.0
0 6155.2
1 6158.4
1 6168.000000000001
2 6184.000000000001
1 6217.599999999999
0 6228.800000000001
3 6231.999999999998
0 6233.999999999998
1 6239.200000000001
2 6244.666666666666
0 6260.0
1 6294.4
0 6362.0
1 6371.999999999998
0 6389.714285714285
3 6392.5
0 6395.999999999999
2 6397.714285714284
1 6408.0
2 6409.142857142857
3 6411.999999999998
2 6420.666666666666
2 6422.666666666666
1 6432.0
0 6435.999999999998
1 6437.333333333332
2 6437.6
1 6440.0
3 6448.0
0 6449.0
2 6453.0
0 6456.0
1 6459.999999999999
2 6472.0
1 6508.0
2 6572.0
3 6711.999999999999
0 6714.400000000001
2 6724.800000000001
1 6728.000000000001
0 6729.6
0 6732.0
1 6735.0
2 6747.999999999999
2 6759.999999999999
3 6776.0
0 6809.0
1 6816.0
0 6824.800000000001
1 6835.999999999999
2 6852.0
0 6853.6
0 6857.0
2 6865.0
1 6867.200000000002
1 6870.4
0 6873.599999999999
3 6876.0
0 6878.0
1 6885.333333333333
2 6904.0
1 6908.0
2 6910.0
0 6912.0
3 6920.0
2 6924.0
0 6933.333333333332
0 6936.0
1 6937.333333333333
3 6941.333333333332
1 6951.999999999999
0 6968.0
3 6980.0
0 6981.0
1 6984.0
0 6987.999999999999
1 6996.0
0 6999.999999999999
2 7012.0
0 7000.0
1 7004.0
1 7004.0
1 3.9999999999999996
0 5.428571428571427
1 15.999999999999995
1 17.428571428571427
2 20.000000000000004
1 21.230769230769237
0 24.0
1 25.666666666666664
1 36.0
1 53.00000000000001
0 55.99999999999998
1 65.0
1 68.00000000000001
1 69.66666666666666
2 72.0
1 81.0909090909091
0 84.00000000000003
1 85.09090909090911
1 88.0
0 89.6
2 92.0
1 101.77777777777779
0 120.0
1 152.8
2 155.99999999999997
1 165.20000000000005
1 191.99999999999994
2 193.33333333333334
3 195.99999999999997
0 197.45454545454547
2 200.0
0 201.60000000000002
1 204.00000000000003
0 205.33333333333331
2 208.0
1 216.5
2 233.5
3 236.0
1 266.2857142857143
2 333.5
0 337.7142857142857
1 346.0
3 350.22222222222223
1 352.0
2 362.0
2 371.9999999999999
1 389.33333333333326
2 393.0
1 396.00000000000006
0 397.7777777777778
3 404.5
0 421.5
1 456.5
1 460.0
0 468.8888888888889
2 473.33333333333337
1 484.0
2 500.0
2 504.0
1 505.6
3 508.00000000000006
0 515.9999999999999
1 520.0
0 529.3333333333333
0 530.2222222222222
1 533.5
0 535.0
0 538.0
3 539.9999999999999
0 548.5714285714284
0 568.0
1 601.0
3 667.9999999999999
2 804.0000000000001
2 815.9999999999998
1 832.7272727272727
1 836.0
0 837.4545454545455
0 848.0000000000002
0 864.3636363636363
1 868.0000000000001
0 869.4545454545453
0 872.0000000000002
1 880.8
3 912.8000000000001
0 884.8
0 886.2222222222221
3 889.7777777777776
1 900.0
0 901.3333333333334
3 936.0
2 951.1111111111113
3 961.7777777777776
0 965.1999999999999
0 968.0
1 968.8888888888888
0 980.0000000000001
0 981.7777777777778
1 984.0
0 985.5
3 996.0
2 1012.0
1 1044.5
0 1113.3333333333333
1 1116.0
3 1117.3333333333333
1 1128.0
0 1144.8888888888887
2 1148.0
1 1156.4444444444443
1 1167.1111111111113
2 1161.3333333333333
3 1164.0
0 1173.5
0 1191.9999999999998
0 1201.333333333333
0 1204.0000000000002
1 1205.3333333333335
3 1236.5
0 1240.0
1 1241.5
2 1252.0
3 1255.0
2 1257.7142857142858
1 1260.0
3 1261.7142857142858
0 1264.0
3 1272.6666666666667
0 1288.6666666666667
0 1292.6666666666665
0 1296.0
2 1304.0
1 1309.3333333333333
0 1329.3333333333333
3 1334.2857142857142
0 1336.0
0 1338.0
0 1340.0
3 1350.4
2 1368.0
3 1401.3333333333333
0 1404.0
3 1412.6666666666665
2 1418.0
1 1420.0
0 1421.9999999999998
2 1432.0
1 1433.3333333333335
3 1444.0
0 1446.0
1 1446.4
2 1464.0
1 1472.0000000000002
2 1536.8000000000002
1 1686.4
2 1720.0
3 1985.0
2 1989.3333333333333
0 1991.9999999999995
1 2001.3333333333333
3 2004.0000000000002
0 2005.3333333333335
2 2008.0
0 2009.5
2 2020.0
3 2037.0
3 2038.0
0 2040.5714285714282
1 2044.0
2 2075.9999999999995
1 2141.1428571428573
0 2145.333333333333
1 2156.0
0 2165.142857142857
1 2182.0
1 2185.5
0 2196.0
1 2197.777777777778
0 2199.0
2 2208.0
1 2225.5
2 2229.0
1 2232.0
0 2234.0
1 2244.0
3 2260.0
0 2292.0
0 2296.0
1 2298.0
2 2308.0
1 2310.0
3 2313.1428571428573
0 2316.0
1 2317.714285714286
2 2328.0
1 2344.5714285714284
1 2377.7142857142853
3 2385.333333333333
2 2444.5714285714284
2 2574.285714285714
0 2592.0
1 2597.6
0 2600.0
3 2608.0
0 2609.777777777778
2 2623.5
1 2629.5
0 2633.7777777777774
3 2636.0
0 2638.0
1 2648.0
0 2665.0
1 2676.0
1 2677.3333333333335
2 2680.0
1 2681.0
0 2684.0
1 2685.7142857142853
0 2687.333333333333
0 2698.0
3 2700.0
0 2708.0
3 2724.6666666666665
3 2761.7142857142853
2 2768.0
1 2785.142857142857
3 2790.2857142857138
1 2825.9999999999995
0 2836.0
3 2900.0
0 2902.666666666666
1 2904.5
3 2914.5
0 2917.333333333333
1 2932.5
1 2943.0
0 2945.7777777777774
3 2949.333333333334
0 2952.0
3 2953.5
1 2953.714285714286
3 2957.333333333333
0 2967.9999999999995
1 2975.999999999999
0 2996.0
3 3028.0
3 3040.0
0 3041.777777777778
0 3044.0
3 3045.5
0 3048.0
3 3057.142857142857
1 3076.0
0 3077.0
0 3080.0
0 3082.285714285714
0 3084.0
0 3092.666666666666
0 3096.0
1 3104.666666666666
0 3124.0
0 3125.142857142857
1 3156.6666666666665
3 3160.0
2 3168.0
3 3170.0
0 3172.0000000000005
3 3176.0
2 3192.0000000000005
3 3195.2000000000003
1 3205.6000000000004
3 3211.0
0 3211.999999999999
3 3213.6000000000004
1 3280.0
0 3416.0
0 3433.9999999999995
1 3693.333333333333
0 4224.0
0 4225.6
2 4238.222222222223
1 4274.222222222222
2 4277.6
3 4281.2
0 4288.0
1 4293.333333333333
2 4296.0
0 4297.333333333333
2 4307.999999999999
1 4324.0
1 4357.333333333333
1 4368.4
3 4428.0
2 4436.799999999999
1 4440.0
1 4441.6
0 4444.0
1 4445.333333333334
0 4446.5
0 4457.5
1 4458.5
2 4459.999999999999
1 4461.714285714285
1 4464.0
0 4473.999999999999
3 4492.0
2 4502.285714285714
2 4512.0
1 4514.0
2 4517.5
0 4520.0
1 4521.714285714286
3 4536.0
2 4538.666666666666
0 4550.0
3 4567.333333333332
1 4601.714285714285
0 4604.0
3 4614.857142857143
1 4624.0
0 4626.0
1 4629.714285714285
3 4644.666666666667
0 4680.0
1 4746.5
1 4874.0
0 4888.000000000001
1 4896.400000000001
3 4900.0
0 4901.6
0 4903.999999999999
3 4905.333333333332
1 4908.0
0 4917.5
1 4936.0
0 4937.333333333333
3 4940.0
0 4948.5
0 4968.0
1 4969.333333333333
3 4969.5
1 4973.142857142857
0 4984.0
1 4985.5
0 4986.857142857142
2 4987.999999999999
1 4997.333333333333
1 5012.666666666666
2 5047.333333333332
0 5050.857142857142
2 5054.0
1 5064.0
0 5065.714285714286
3 5068.0
2 5078.666666666667
2 5088.0
1 5092.0
2 5093.142857142858
0 5095.999999999999
1 5104.0
0 5122.0
1 5126.0
0 5126.666666666667
2 5160.0
1 5169.333333333333
1 5188.0
2 5252.0
1 5254.285714285714
1 5258.0
2 5269.714285714285
3 5271.999999999999
0 5273.714285714284
2 5275.999999999999
1 5284.0
3 5302.0
1 5335.999999999999
1 5340.0
2 5346.857142857143
0 5341.333333333333
2 5344.0
1 5345.6
0 5345.0
3 5348.0
0 5360.0
1 5368.0
2 5387.0
0 5398.4
3 5400.0
0 5401.6
2 5404.8
0 5416.0
1 5434.400000000001
1 5467.200000000001
3 5470.0
3 5471.200000000001
3 5480.0
0 5500.0
1 5508.0
1 5512.0
0 5513.333333333333
3 5580.0
0 5582.0
3 5592.0
0 5593.333333333333
0 5604.0
2 5620.0
1 5652.666666666667
2 5656.0
3 5658.0
1 5662.400000000001
2 5671.999999999999
1 5673.999999999999
0 5676.0
1 5685.6
1 5686.400000000001
1 5689.6
0 5692.0
0 5702.0
1 5718.0
1 5730.4
2 5732.0
3 5748.000000000001
2 5781.6
2 5848.000000000001
3 5976.666666666666
3 6244.666666666665
2 6248.0
1 6249.5
0 6249.714285714285
3 6266.0
2 6267.999999999998
0 6276.666666666666
1 6280.666666666664
2 6288.666666666666
3 6291.999999999998
0 6294.666666666666
1 6296.799999999999
3 6301.0
2 6304.000000000001
3 6312.0
0 6332.0
2 6364.000000000001
3 6372.0
3 6376.666666666666
2 6379.999999999999
3 6381.333333333332
1 6391.999999999999
3 6408.0
1 6410.4
2 6422.0
3 6423.999999999998
2 6425.999999999999
0 6428.000000000001
2 6438.4
3 6454.4
2 6458.0
0 6492.0
3 6501.333333333333
0 6511.999999999998
1 6511.999999999999
2 6528.0
1 6530.666666666666
1 6533.999999999999
0 6537.599999999999
1 6547.999999999999
1 6549.333333333332
0 6552.0
3 6568.0
0 6632.0
1 6636.799999999999
0 6646.4000000000015
2 6648.000000000001
3 6816.0
3 6820.0
2 6821.714285714286
0 6824.666666666665
3 6833.333333333332
0 6837.714285714285
3 6839.333333333333
2 6847.999999999999
1 6864.0
2 6866.666666666666
0 6868.800000000001
3 6870.4
1 6873.6
3 6876.799999999999
1 6880.0
3 6880.0
0 6884.0
1 6900.0
0 6908.0
0 6910.666666666666
3 6922.0
0 6924.0
3 6925.333333333333
2 6929.333333333333
0 6939.999999999999
3 6942.666666666666
1 6951.999999999999
2 6953.333333333332
0 6956.0
3 6964.0
2 6980.0
1 6982.0
3 7016.0
0 7082.0
1 7084.0
1 7088.0
3 7112.0
0 7116.0
3 7155.999999999999
0 7158.0
1 7161.333333333332
2 7165.0
1 7167.999999999999
3 7177.333333333333
0 7179.999999999999
1 7182.666666666666
0 7184.0
3 7192.0
0 7210.0
1 7220.0
0 7236.0
0 7242.666666666666
0 7244.0
1 7246.666666666666
0 7248.0
0 7250.0
0 7260.0
1 7262.0
1 7272.0
1 7288.0
0 7292.0
1 7296.0
3 7304.0
0 7322.0
3 7356.0
0 7419.999999999999
1 7431.999999999999
0 7432.0
3 7436.0
2 7564.0
1 7565.333333333333
3 7570.0
0 7572.0
1 7574.0
2 7576.0
1 7584.0
2 7604.0
3 7620.0
0 7635.999999999999
3 7669.333333333333
1 7674.0
0 7684.0
1 7686.0
3 7696.0
0 7699.0
1 7700.0
2 7700.0
0 7704.0
1 7712.0
1 7728.0
2 7762.0
0 7766.0
1 7768.0
0 7786.0
1 7790.666666666666
3 7794.0
0 7803.999999999999
1 7804.0
1 7816.0
0 7817.333333333332
0 7820.0
1 7824.0
1 7832.0
3 7848.0
0 7852.0
3 7860.0
2 8148.0
1 8724.0
1 8728.0
2 8738.0
2 8758.0
0 8760.0
1 8768.800000000001
3 8788.666666666666
3 8823.999999999998
0 8887.999999999998
2 9848.0
1 9850.666666666668
3 9918.4
0 9920.0
2 10048.800000000001
2 10060.8
3 10070.285714285714
2 10089.0
3 10121.5
0 10132.5
3 10134.222222222223
1 10144.0
0 10161.777777777777
0 10164.444444444443
1 10166.222222222223
1 10176.888888888887
1 10178.22222222222
1 10181.333333333332
2 10184.0
1 10186.0
0 10187.999999999998
1 10196.571428571428
0 10200.0
0 10201.714285714286
2 10203.999999999998
1 10206.0
0 10208.0
2 10216.800000000001
3 10236.0
0 10238.0
1 10268.0
0 10332.8
3 10352.0
0 10373.142857142857
1 10376.0
0 10384.0
1 10388.0
0 10389.5
0 10392.0
2 10392.0
1 10394.0
2 10396.000000000002
3 10412.0
2 10416.000000000002
3 10424.800000000001
0 10456.000000000002
3 10462.400000000001
0 10470.400000000001
0 10488.0
2 10492.666666666666
3 10501.999999999998
0 10503.999999999998
1 10512.0
2 10531.333333333334
1 10534.0
2 10535.333333333332
3 10570.400000000001
2 10635.999999999998
1 10644.571428571428
2 10648.0
1 10650.285714285714
2 10660.0
1 10680.0
2 10681.5
0 10683.999999999998
2 10808.666666666666
1 10813.999999999998
2 10822.0
1 10826.285714285714
1 10836.571428571428
1 10838.285714285714
2 10841.333333333332
1 10851.999999999998
0 10853.714285714286
3 10868.0
0 10900.666666666666
2 11162.666666666666
1 11172.0
3 11174.857142857141
0 11185.5
0 11204.0
0 11205.333333333332
0 11206.5
1 11209.142857142857
0 11218.285714285716
0 11236.0
3 11240.0
0 11248.0
3 11250.5
0 11253.5
1 11256.0
0 11257.714285714286
1 11260.0
3 11260.666666666666
3 11264.0
0 11273.6
0 11288.0
3 11324.0
3 11336.000000000002
0 11337.142857142857
1 11340.0
0 11341.333333333332
3 11348.0
1 11353.600000000002
0 11372.0
0 11380.666666666666
3 11415.999999999998
2 11480.0
3 11482.285714285714
2 11485.999999999998
1 11496.0
0 11497.714285714286
2 11508.0
3 11524.571428571428
0 11528.0
3 11529.142857142855
1 11531.999999999998
0 11533.999999999998
3 11544.0
2 11559.999999999998
3 11562.0
1 11566.400000000001
2 11571.199999999999
1 11574.400000000001
0 11578.0
1 11588.0
3 11590.400000000001
0 11592.0
1 11594.0
3 11598.666666666666
2 11624.0
1 11664.0
2 11665.999999999998
1 11669.599999999999
0 11672.0
1 11674.400000000001
2 11736.0
1 11738.0
3 11748.0
0 11751.0
2 11755.0
3 11764.0
2 11783.0
1 11784.0
0 11787.0
0 11788.0
1 11789.333333333332
2 11796.0
1 11804.0
0 11804.0
0 11816.0
0 11834.0
1 11865.333333333332
3 12006.666666666666
2 12013.6
1 12024.8
0 12028.0
3 12036.000000000002
2 12037.600000000002
0 12048.8
0 12050.4
1 12068.800000000001
2 12072.0
3 12074.400000000001
1 12075.0
0 12076.0
1 12084.0
0 12088.0
2 12118.0
0 12124.0
1 12188.0
2 12193.333333333332
1 12201.333333333332
2 12217.333333333332
3 12228.0
2 12231.0
1 12234.0
0 12232.0
2 12236.0
1 12244.0
3 12264.0
0 12268.0
2 12270.0
3 12281.333333333332
0 12284.0
3 12286.666666666666
1 12288.0
0 12298.0
1 12316.0
0 12349.333333333332
0 12350.666666666664
0 12361.333333333332
0 12362.666666666664
3 12366.0
2 12376.0
3 12391.999999999998
2 12426.666666666666
1 12430.666666666666
0 12439.999999999998
1 12441.0
0 12442.666666666666
2 12446.666666666664
0 12456.0
1 12473.333333333332
1 12508.0
1 12573.0
2 12575.0
3 12704.0
2 12706.0
1 12964.0
0 13484.0
0 13488.0
1 13498.400000000001
3 13508.0
0 13525.999999999998
2 13528.800000000001
1 13536.666666666666
3 13556.571428571428
3 13592.0
0 13657.0
2 13660.0
1 13668.0
0 13669.5
1 13672.0
2 13674.857142857143
0 13675.999999999996
0 13687.999999999996
1 13689.142857142857
2 13690.0
2 13699.999999999996
3 13713.333333333332
0 13717.999999999998
0 13721.599999999999
3 13729.6
1 13747.999999999996
3 13754.0
2 13755.999999999998
1 13766.0
3 13784.0
2 13785.714285714286
0 13788.0
3 13797.333333333332
1 13831.999999999996
2 13833.714285714286
0 13844.0
1 13845.714285714284
3 13848.0
0 13849.999999999998
1 13860.0
0 13861.333333333332
2 13864.0
1 13872.0
2 13874.400000000001
0 13892.0
1 13925.600000000002
3 13992.0
1 13995.0
0 14123.2
0 14124.0
3 14129.600000000002
0 14139.2
1 14156.000000000002
0 14165.999999999996
1 14169.6
0 14170.666666666666
1 14173.333333333332
0 14175.200000000003
1 14178.0
0 14188.000000000002
2 14196.000000000002
1 14214.400000000001
0 14248.666666666664
3 14252.0
0 14260.666666666664
0 14277.333333333332
1 14288.666666666664
0 14305.142857142855
0 14309.0
2 14311.999999999996
3 14320.0
2 14322.857142857143
2 14325.714285714284
0 14328.0
3 14329.999999999998
0 14340.0
2 14355.999999999998
3 14389.333333333332
0 14392.666666666664
2 14396.000000000002
0 14404.8
0 14408.000000000002
3 14409.333333333332
1 14412.0
0 14422.399999999998
0 14439.999999999998
0 14479.999999999996
1 14481.142857142855
3 14484.666666666666
3 14488.000000000002
0 14489.999999999998
1 14552.0
2 14554.400000000001
3 14565.599999999999
2 14581.6
0 14584.0
2 14587.0
1 14596.000000000002
0 14598.400000000001
1 14602.0
2 14612.800000000001
0 14616.0
1 14618.400000000001
1 14628.000000000002
0 14629.6
0 14632.0
1 14635.0
1 14636.0
1 14638.666666666666
3 14640.0
0 14648.0
0 14652.0
2 14668.0
3 14700.0
3 14710.0
1 14728.0
1 14732.0
0 14733.333333333332
3 14736.0
1 14746.0
2 14749.333333333332
3 14752.0
3 14760.0
0 14764.0
2 14764.0
1 14768.0
0 14772.0
1 14780.0
1 14800.0
3 14808.0
2 14856.0
1 14857.333333333332
1 14868.0
2 14870.666666666664
0 14872.0
1 14874.0
0 14876.0
3 14880.0
1 14884.0
0 14892.0
0 14908.0
0 14912.0
1 14912.0
0 3.9999999999999996
1 5.428571428571427
2 7.999999999999998
1 16.923076923076916
0 20.000000000000004
1 21.538461538461544
3 30.769230769230766
0 48.307692307692314
1 52.0
0 53.53846153846154
1 55.99999999999998
0 65.0
0 66.66666666666666
1 69.66666666666666
0 72.0
3 80.36363636363639
2 94.9090909090909
1 98.54545454545456
0 133.60000000000002
1 137.66666666666666
3 143.63636363636365
3 147.2
2 150.54545454545453
0 152.4
0 155.99999999999997
1 165.20000000000005
1 180.0
0 185.20000000000005
1 195.99999999999997
0 197.45454545454547
2 200.0
0 209.20000000000005
3 212.0
1 213.60000000000002
2 216.0
1 225.33333333333331
1 239.99999999999994
0 273.77777777777777
0 341.2
3 345.2
1 348.0
0 356.80000000000007
0 372.4
0 384.4000000000001
3 387.99999999999994
0 389.4545454545454
0 391.99999999999994
1 392.79999999999995
0 404.0
0 405.2000000000001
2 407.9999999999999
3 416.44444444444446
0 436.00000000000006
3 468.8
1 472.00000000000006
0 473.2
1 476.0000000000001
2 477.77777777777777
0 484.5
1 502.0
0 505.0
3 516.4444444444443
0 520.0
1 521.3333333333333
2 522.0
0 525.7142857142857
1 534.2857142857142
1 550.8571428571428
1 585.5
2 597.0
3 664.0
2 672.8000000000002
0 803.9999999999999
1 805.0909090909093
2 823.9999999999999
1 825.8181818181816
0 836.0
1 837.8181818181818
0 840.0
1 841.5999999999999
1 852.0000000000001
1 868.8
1 872.0000000000002
2 880.4
1 883.9999999999999
0 885.5999999999999
0 887.9999999999998
1 896.8888888888888
1 900.0
0 901.7777777777778
2 904.0
1 912.0
2 931.0
1 963.9999999999999
2 967.9999999999999
0 976.0000000000001
1 996.0000000000001
0 1028.3999999999999
0 1032.0000000000002
1 1040.0
3 1044.0
2 1045.6000000000001
1 1048.0
0 1049.3333333333333
2 1060.0000000000002
1 1076.4444444444443
0 1144.0
1 1145.6000000000001
1 1156.0
1 1157.6
2 1160.0
1 1161.3333333333335
0 1164.0
1 1173.0
2 1176.0
1 1184.5
1 1204.0
0 1205.3333333333335
3 1240.0
0 1249.3333333333333
0 1252.0000000000002
1 1253.7777777777778
2 1266.0
1 1270.5
1 1280.0
1 1282.5
0 1285.7142857142858
3 1288.0
0 1292.0
3 1293.7142857142858
0 1303.9999999999998
1 1320.0
0 1352.0
0 1364.0
0 1376.0
3 1440.0
0 1570.2222222222222
3 1573.6000000000004
2 1584.0000000000002
3 1601.2
2 1860.0
1 1861.090909090909
0 1864.0000000000005
1 1865.2000000000003
2 1868.0000000000005
1 1876.8888888888885
1 1880.0
0 1888.4444444444446
1 1904.4444444444448
0 1908.8888888888887
1 1912.0000000000002
2 1913.7777777777778
3 1948.0
2 1957.7777777777776
1 1974.6666666666665
2 1976.4444444444448
2 1980.0
3 1988.0
0 1991.9999999999995
3 1993.3333333333333
0 1995.0
0 1997.7142857142858
3 1998.8571428571431
0 1999.9999999999998
0 2010.6666666666665
0 2014.4000000000003
1 2016.0
0 2026.0
0 2042.6666666666665
0 2045.7142857142853
0 2056.0
1 2072.0
0 2074.8571428571427
2 2076.0
1 2085.333333333333
1 2086.6666666666665
1 2089.9999999999995
3 2096.0
0 2132.0
3 2198.6666666666665
3 2202.4
0 2212.0
3 2228.5714285714284
0 2230.8571428571427
1 2266.0
0 2274.8571428571427
0 2278.5
2 2288.0
1 2304.0
0 2308.0
0 2312.0
1 2313.5
2 2316.0
3 2317.714285714286
2 2319.333333333333
2 2329.9999999999995
1 2331.9999999999995
0 2340.0
2 2352.0
1 2368.0
3 2372.0
0 2373.714285714286
3 2375.333333333333
1 2376.0
3 2379.2
1 2388.0
0 2404.0
1 2438.4
2 2504.0
3 2642.0
3 2645.9999999999995
0 2649.5
1 2652.0
2 2668.0
1 2669.7142857142853
0 2674.0
1 2691.9999999999995
2 2724.0
1 2726.0
1 2729.1428571428573
0 2740.0
1 2757.0
1 2759.0
2 2768.0
1 2785.5
2 2788.5
2 2792.0
1 2794.0
0 2804.0
1 2805.0
2 2808.0
1 2817.7142857142853
3 2834.6666666666665
2 2842.0
1 2844.8000000000006
0 2912.7999999999997
1 2924.0
0 2940.0
3 2947.999999999999
1 2952.0
0 2954.8571428571427
3 2964.0
2 2981.714285714286
3 2983.428571428571
2 2986.8571428571427
2 2989.7142857142853
1 2990.0
0 2996.8
2 3000.0
2 3004.0
1 3006.4
0 3016.0
1 3017.6000000000004
0 3020.0
0 3030.0
3 3048.8
0 3080.8
3 3088.8
0 3095.2
3 3097.333333333333
1 3100.0
2 3109.6000000000004
2 3111.2000000000003
0 3128.0
1 3129.6
2 3132.0
3 3140.0
2 3160.0
3 3193.6000000000004
3 3267.2000000000003
0 3272.0
3 3401.714285714286
0 3412.0
3 3429.5
1 3463.999999999999
0 3465.3333333333335
0 3467.0
3 3724.0
2 4236.0
1 4245.5
3 4257.5
0 4277.2
1 4280.0
0 4288.400000000001
2 4291.999999999999
1 4293.2
1 4294.666666666666
1 4297.777777777778
2 4307.999999999999
1 4324.888888888889
3 4360.0
0 4432.4
1 4435.999999999999
0 4437.454545454546
0 4440.0
1 4441.6
3 4451.999999999999
0 4468.000000000001
0 4480.0
1 4481.454545454546
3 4484.0
1 4485.333333333332
0 4487.999999999999
3 4489.333333333333
1 4492.0
0 4500.0
0 4512.0
3 4513.333333333334
1 4516.0
0 4517.5
0 4520.0
1 4521.714285714286
2 4532.0
1 4549.714285714285
0 4560.0
0 4561.5
1 4564.0
1 4565.714285714285
2 4565.999999999999
2 4576.0
1 4594.0
0 4629.714285714284
1 4630.857142857142
2 4632.0
1 4639.999999999999
2 4658.0
1 4660.0
3 4664.0
0 4674.666666666666
0 4688.666666666666
1 4693.333333333333
1 4696.0
0 4697.333333333333
2 4700.0
1 4710.400000000001
2 4711.200000000001
3 4745.0
0 4812.0
1 4948.666666666667
2 4952.0
3 4953.142857142858
1 4956.666666666666
0 4967.999999999999
1 4985.714285714285
1 4988.0
0 4989.142857142857
0 4990.666666666666
0 4992.0
3 5004.0
0 5029.333333333333
0 5064.0
3 5065.5
1 5070.857142857142
0 5074.857142857142
3 5093.142857142857
2 5097.714285714285
0 5100.0
3 5101.714285714285
1 5112.0
1 5113.714285714286
2 5114.0
0 5125.333333333333
1 5128.0
0 5129.999999999999
2 5130.4
3 5136.0
1 5164.0
0 5236.0
1 5254.400000000001
3 5264.666666666666
0 5272.0
1 5273.714285714284
0 5275.333333333332
1 5278.4
0 5287.999999999999
1 5305.333333333334
2 5340.0
3 5348.571428571428
2 5365.142857142857
3 5368.571428571428
2 5370.857142857143
0 5380.0
3 5382.285714285714
2 5385.714285714285
0 5388.0
1 5395.999999999999
0 5414.0
2 5416.0
3 5424.666666666666
3 5426.666666666667
1 5429.999999999999
3 5432.0
1 5467.0
2 5532.0
1 5664.0
2 5928.571428571428
1 5946.0
1 5956.888888888889
1 5960.0
2 5961.777777777778
3 5972.0
0 5989.333333333331
0 6021.333333333332
1 6024.4444444444425
0 6033.333333333332
1 6036.88888888889
2 6040.000000000001
0 6041.333333333334
0 6044.0
3 6052.5
3 6056.0
0 6058.0
1 6068.0
0 6085.0
3 6087.999999999999
0 6097.5
3 6116.0
0 6117.333333333334
1 6120.0
0 6122.0
1 6124.0
0 6133.142857142857
3 6136.0
0 6138.285714285714
1 6147.999999999998
0 6150.285714285714
3 6160.0
0 6177.714285714284
3 6212.0
0 6214.0
1 6216.0
3 6225.142857142856
0 6228.0
0 6230.285714285714
0 6231.999999999998
1 6240.0
0 6259.999999999999
1 6292.0
1 6304.0
0 6306.0
1 6307.999999999999
0 6309.714285714285
1 6320.0
1 6337.142857142856
2 6339.999999999999
3 6341.714285714285
1 6343.999999999998
1 6345.999999999999
0 6420.0
1 6437.142857142857
1 6440.0
2 6447.999999999999
1 6450.857142857142
1 6454.285714285714
0 6464.0
1 6466.285714285715
3 6485.333333333332
0 6497.999999999998
1 6562.400000000001
0 6691.200000000001
1 6698.4
2 6709.714285714284
1 6728.0
0 6729.5
0 6732.0
2 6731.999999999999
0 6734.0
2 6737.6
3 6748.000000000001
0 6756.0
3 6771.999999999998
0 6773.333333333332
1 6775.2
2 6780.0
1 6788.800000000001
0 6792.0
2 6809.0
1 6842.400000000001
2 6855.999999999998
1 6857.714285714286
2 6859.333333333332
2 6867.999999999998
1 6871.333333333332
2 6881.333333333332
2 6884.000000000001
1 6885.333333333332
0 6895.999999999999
1 6897.333333333332
0 6899.2
0 6901.6
3 6920.0
0 6922.400000000001
0 6924.000000000001
1 6924.0
2 6929.333333333332
0 6926.0
2 6930.0
0 6940.0
3 6958.0
0 6992.0
3 7004.0
0 7014.0
0 7015.0
0 7017.0
2 7028.0
3 7046.0
1 7080.0
0 7144.000000000001
1 7146.400000000001
3 7156.0
2 7172.8
3 7176.0
1 7185.0
2 7202.400000000001
2 7205.333333333333
1 7208.000000000001
3 7216.0
2 7218.4
0 7221.6
1 7224.0
0 7227.0
1 7236.0
0 7239.0
1 7240.0
1 7242.666666666666
1 7251.999999999999
1 7269.333333333333
2 7301.333333333333
1 7308.0
0 7309.0
1 7309.333333333333
2 7376.0
1 7383.999999999999
2 7402.666666666666
1 7412.0
3 7417.0
2 7427.0
3 7574.4
0 7832.000000000001
3 8376.0
0 9401.5
0 9405.777777777777
2 9410.0
0 9406.857142857143
2 9417.142857142857
0 9429.5
1 9432.0
0 9440.0
2 9444.0
1 9445.5
3 9460.0
0 9496.0
1 9497.5
2 9560.571428571428
1 9563.999999999998
2 9576.0
1 9601.0
3 9605.2
2 9607.999999999998
3 9609.333333333334
0 9612.0
3 9614.0
1 9624.0
2 9641.5
2 9672.5
1 9676.0
2 9685.5
2 9689.5
0 9700.0
1 9701.333333333332
2 9704.0
3 9720.0
2 9722.5
3 9733.0
0 9736.0
3 9737.5
1 9739.999999999998
0 9749.714285714284
1 9750.857142857141
1 9753.714285714286
2 9756.0
1 9757.333333333332
2 9759.2
2 9769.6
1 9771.199999999999
0 9788.0
1 9821.6
0 9887.2
0 9897.333333333334
2 10029.333333333334
1 10038.285714285714
1 10065.0
1 10068.0
0 10069.777777777777
0 10080.0
1 10096.888888888889
1 10100.000000000002
2 10101.333333333334
0 10104.0
1 10106.0
1 10116.0
1 10133.0
1 10166.0
0 10169.777777777777
0 10172.0
1 10181.5
3 10184.0
0 10192.0
0 10196.0
3 10197.5
0 10200.0
1 10201.714285714286
3 10201.999999999998
1 10213.333333333332
0 10230.666666666666
1 10233.714285714284
2 10236.0
1 10244.0
1 10261.333333333332
3 10296.0
2 10298.285714285714
1 10364.666666666666
0 10372.0
3 10374.857142857141
2 10378.0
2 10381.6
3 10390.0
1 10408.0
0 10439.999999999998
0 10444.0
3 10454.285714285714
0 10457.5
0 10460.0
1 10461.714285714284
3 10472.0
0 10473.714285714286
0 10476.0
1 10484.0
0 10500.0
1 10506.0
0 10515.999999999998
3 10517.714285714286
1 10528.0
0 10543.999999999998
1 10546.857142857143
1 10549.714285714284
0 10551.333333333332
3 10560.0
0 10561.333333333332
2 10564.666666666666
1 10566.4
3 10569.6
1 10572.0
3 10581.0
0 10600.0
1 10602.400000000001
2 10608.0
2 10612.0
1 10614.0
3 10648.0
0 10657.0
1 10660.0
2 10676.0
1 10680.0
0 10682.0
2 10682.666666666666
0 10686.0
3 10720.0
0 10724.0
1 10732.0
0 10736.0
3 10744.0
0 10748.0
1 10748.0
2 10766.0
0 10772.0
3 10780.0
0 10782.666666666666
1 10792.0
0 10796.0
1 10796.0
2 10828.0
1 10864.0
3 10872.0
0 10874.0
2 10880.0
1 10888.0
2 10904.0
3 10936.0
2 11004.0
1 11133.333333333332
3 11393.0
0 11404.0
1 11420.0
0 11423.2
3 11425.0
2 11436.0
1 11452.0
2 11462.400000000001
1 11480.0
1 11512.666666666666
2 11516.666666666666
1 11528.0
0 11529.714285714283
3 11532.0
0 11533.333333333332
0 11544.0
0 11545.999999999998
1 11556.0
0 11557.333333333332
1 11559.2
0 11568.0
0 11587.2
1 11620.666666666666
0 11624.0
1 11625.333333333332
0 11627.2
1 11636.000000000002
1 11656.000000000002
2 11664.0
1 11667.333333333332
2 11669.999999999998
1 11672.0
0 11672.0
1 11674.0
2 11684.0
1 11703.0
1 11707.0
1 11731.0
2 11734.0
0 11736.000000000002
1 11744.0
1 11747.2
0 11749.6
1 11752.0
2 11752.0
0 11753.333333333332
1 11764.0
1 11766.666666666666
2 11770.0
3 11780.0
2 11796.0
1 11829.333333333332
2 11893.333333333332
1 11900.0
0 11908.0
3 11925.0
1 11960.0
3 12024.0
2 12034.400000000001
1 12037.999999999998
3 12041.999999999998
0 12044.0
3 12045.6
1 12048.0
3 12056.0
0 12072.0
2 12082.0
1 12246.400000000001
2 12249.714285714286
1 12251.999999999998
0 12252.0
2 12254.400000000001
1 12264.0
1 12280.8
1 12284.0
0 12285.6
0 12288.0
3 12296.0
1 12300.0
0 12303.0
2 12312.0
1 12316.0
1 12327.0
0 12328.0
2 12338.0
3 12356.0
2 12357.600000000002
0 12360.0
1 12362.0
2 12364.0
1 12365.333333333332
0 12368.0
0 12376.0
0 12380.0
2 12382.0
0 12384.0
1 12384.0
0 3.9999999999999987
1 5.428571428571427
1 14.857142857142852
0 17.428571428571427
0 20.000000000000004
1 21.538461538461544
3 24.0
0 32.0
3 49.33333333333333
3 52.99999999999999
1 56.00000000000001
0 65.0
0 66.66666666666666
0 69.66666666666666
0 72.0
3 80.36363636363639
1 84.00000000000003
0 100.36363636363639
0 133.09090909090907
1 137.0909090909091
2 145.45454545454547
2 149.2
3 151.99999999999997
0 161.09090909090912
2 180.0
1 181.33333333333334
0 184.0
0 185.45454545454544
0 188.0
1 189.60000000000002
2 200.0
1 201.60000000000002
0 203.99999999999994
0 205.33333333333331
3 212.5
3 216.0
2 218.0
1 236.00000000000003
2 269.0
1 340.5
0 345.33333333333337
1 356.40000000000003
1 372.4
0 377.20000000000005
1 380.0
2 389.6
0 391.99999999999994
1 401.20000000000005
0 404.00000000000006
2 420.0
3 453.20000000000005
2 465.0909090909091
1 468.0000000000001
2 469.4545454545456
0 471.99999999999994
1 480.4
3 500.0
0 501.090909090909
0 504.0
3 505.6
0 508.00000000000006
1 516.4444444444443
1 520.0
0 521.3333333333333
0 524.0
3 532.5
1 536.0
0 552.5
0 564.0
0 564.8888888888889
3 568.0
0 576.5
0 580.0
3 596.5
0 632.0
3 696.8888888888889
0 707.9999999999998
1 836.0000000000001
0 838.0000000000001
0 840.0000000000001
1 850.2222222222221
0 853.6000000000003
3 872.0000000000001
0 880.8
0 884.0
1 885.5999999999999
1 887.9999999999998
0 896.8888888888888
0 900.0
1 901.7777777777778
2 912.0000000000001
1 927.9999999999999
0 963.9999999999999
1 965.6000000000001
0 967.9999999999999
1 969.3333333333333
0 970.5
2 972.0000000000001
2 983.9999999999999
1 986.0
0 987.9999999999999
1 996.5714285714284
3 1015.9999999999999
0 1048.5
1 1116.0
0 1124.4444444444446
1 1128.0
0 1129.7777777777778
2 1148.0
1 1157.3333333333333
1 1158.6666666666667
2 1161.5
1 1170.5
1 1188.888888888889
1 1221.7777777777778
2 1224.8888888888887
0 1235.9999999999995
1 1237.2
2 1240.0000000000002
1 1241.7777777777778
3 1244.0
0 1252.0
3 1269.0
0 1273.5
1 1276.0
3 1285.5
0 1296.0
3 1297.7777777777778
0 1299.9999999999998
0 1301.5
1 1301.7142857142856
3 1305.7142857142856
1 1308.0
0 1315.9999999999998
1 1334.0
1 1367.9999999999998
1 1441.7142857142856
2 1589.5
1 1848.0
1 1849.4545454545455
0 1859.9999999999998
0 1861.4545454545453
0 1864.0000000000002
0 1865.6000000000001
2 1868.0000000000005
1 1875.9999999999995
0 1893.3333333333335
2 1929.3333333333333
1 1940.0000000000005
0 1941.4545454545457
0 1944.0000000000005
1 1953.2000000000003
1 1970.0
1 1973.818181818182
0 1976.0
2 1984.4000000000003
2 1988.0
1 1989.6
0 2000.0
2 2016.4
1 2020.0
0 2021.6000000000001
0 2024.0
1 2032.888888888889
1 2035.9999999999998
0 2037.3333333333333
2 2040.0
1 2049.5
0 2067.0
0 2101.0
1 2104.0
0 2113.333333333333
0 2116.0
1 2117.7777777777774
1 2120.0
0 2121.5
2 2131.9999999999995
1 2148.0
0 2152.0
2 2161.0
3 2196.0
2 2260.0
0 2264.0
1 2265.3333333333335
3 2268.0
0 2277.5
2 2304.0
3 2305.6
0 2307.9999999999995
3 2309.333333333333
1 2312.0
0 2321.5
2 2336.0
3 2338.5
1 2341.714285714286
2 2342.8571428571427
3 2345.9999999999995
0 2388.0
3 2456.0
0 2585.333333333333
0 2588.0000000000005
0 2589.7777777777783
0 2592.0
1 2600.0
0 2618.0
1 2628.8888888888887
2 2631.9999999999995
3 2640.4444444444443
2 2656.0
3 2688.8888888888882
1 2693.5999999999995
3 2696.888888888889
2 2698.6666666666665
3 2708.4444444444443
0 2712.0
3 2713.777777777778
1 2716.0
2 2724.0
1 2726.0
0 2729.714285714286
0 2730.8571428571427
0 2741.7142857142853
1 2760.0
1 2762.0
0 2764.0
0 2765.714285714286
2 2768.0
1 2775.9999999999995
2 2793.3333333333335
1 2796.0
3 2800.0
0 2808.6666666666665
0 2811.9999999999995
1 2820.6666666666665
1 2837.3333333333335
3 2871.9999999999995
0 2938.285714285714
2 2948.0
1 2950.0
1 2960.0
2 2964.0
1 2965.5
0 2968.0
1 2968.5714285714284
1 2980.0
1 2997.7142857142853
1 2998.857142857142
3 3000.0
2 3008.666666666667
1 3014.3999999999996
0 3015.9999999999995
1 3018.0
1 3020.0
0 3021.6000000000004
3 3032.0
0 3050.4
3 3081.6000000000004
0 3092.666666666666
3 3096.0
0 3097.333333333333
1 3100.0
0 3100.8
1 3104.0
0 3115.0
2 3122.6666666666665
3 3163.0
2 3174.4000000000005
1 3176.0
2 3186.4000000000005
3 3200.0
0 3204.0000000000005
2 3208.0
2 3211.9999999999995
1 3214.4000000000005
0 3224.0
1 3226.4
2 3289.0
1 3423.0
0 3679.999999999999
0 4200.0
1 4217.714285714285
3 4252.0
1 4277.0
2 4281.333333333333
3 4291.999999999999
0 4293.2
0 4294.666666666667
3 4297.333333333334
1 4300.0
0 4309.0
0 4320.0
0 4320.888888888889
3 4324.0
2 4340.0
3 4373.0
1 4377.333333333332
0 4444.0
3 4452.444444444443
0 4454.222222222222
0 4464.0
1 4466.666666666667
0 4469.5
2 4471.999999999999
1 4481.0
1 4500.0
0 4501.333333333333
0 4504.0
2 4504.5
1 4516.0
3 4532.0
0 4564.0
1 4566.5
2 4569.714285714285
3 4580.5
3 4596.5
3 4600.0
0 4609.0
0 4612.0
2 4616.0
1 4625.5
1 4628.0
0 4629.5
2 4632.0
1 4633.714285714285
0 4636.0
1 4645.333333333333
1 4661.999999999999
1 4666.0
2 4668.0
3 4708.0
0 4772.0
2 4789.333333333333
1 4920.5
3 4924.5
2 4932.5
2 4936.0
3 4945.5
2 4946.5
1 4949.714285714286
3 4953.999999999999
1 4956.0
2 4965.142857142856
2 4980.0
1 5013.714285714285
3 5017.714285714285
2 5025.714285714286
3 5045.5
0 5048.0
1 5050.5
0 5060.0
3 5064.0
0 5065.5
1 5065.714285714286
3 5070.0
0 5079.999999999999
0 5097.142857142857
2 5140.0
3 5204.0
2 5206.666666666666
3 5209.0
0 5212.0
1 5220.0
0 5237.5
0 5240.0
0 5252.0
1 5253.333333333334
1 5263.999999999999
0 5265.333333333332
0 5267.999999999998
0 5269.5
3 5280.0
0 5297.0
0 5299.999999999999
3 5302.0
0 5304.0
1 5312.0
2 5327.999999999999
1 5361.142857142857
0 5364.5714285714275
3 5369.142857142857
0 5372.0
1 5380.0
0 5381.142857142857
3 5385.333333333332
0 5385.999999999999
1 5388.800000000001
0 5396.8
3 5424.666666666666
0 5460.0
1 5525.5
3 5528.0
0 5529.5
0 5540.0
3 5541.5
0 5544.0
1 5544.571428571428
1 5548.0
3 5556.666666666667
0 5574.666666666667
1 5576.0
0 5585.333333333333
2 5712.0
1 5974.0
2 5974.857142857142
0 5978.857142857141
3 5988.0
0 6004.5714285714275
0 6007.999999999999
2 6010.4
1 6012.0
2 6016.0
1 6026.0
0 6043.999999999999
1 6045.714285714285
2 6080.0
0 6088.0
2 6090.4000000000015
3 6091.999999999999
1 6100.666666666667
0 6104.666666666666
3 6124.0
2 6133.142857142857
2 6134.857142857142
2 6138.285714285714
0 6139.999999999999
1 6142.0
0 6144.000000000001
0 6147.0
1 6156.0
2 6181.600000000001
1 6252.800000000001
0 6264.0
3 6279.999999999998
3 6283.999999999999
0 6292.666666666666
0 6295.999999999999
3 6298.0
1 6307.999999999999
0 6326.0
3 6361.142857142857
3 6363.999999999998
2 6371.999999999998
3 6374.285714285714
1 6384.0
0 6400.5714285714275
2 6404.666666666666
3 6408.0
0 6409.714285714286
2 6419.999999999999
1 6437.714285714286
3 6448.0
0 6449.5
0 6452.0
3 6453.714285714284
1 6464.0
0 6465.142857142857
3 6465.999999999999
1 6469.333333333332
2 6472.0
3 6474.400000000001
0 6478.0
3 6498.0
2 6533.599999999999
2 6600.0
2 6604.000000000001
3 6605.999999999999
1 6615.999999999998
2 6617.333333333332
3 6636.0
2 6668.666666666666
2 6678.666666666666
2 6681.999999999999
3 6684.0
0 6692.666666666665
3 6694.666666666666
2 6696.8
1 6700.0
0 6716.0
3 6724.000000000001
0 6726.400000000001
0 6728.0
1 6731.0
1 6734.0
3 6734.666666666666
1 6740.0
0 6749.333333333332
1 6758.666666666666
0 6763.0
1 6772.0
0 6788.0
0 6823.0
1 6840.8
2 6895.200000000002
1 7044.666666666666
1 7048.000000000001
2 7049.714285714286
3 7049.999999999999
3 7059.999999999998
2 7061.333333333332
0 7064.000000000001
1 7074.4
1 7078.4
0 7080.0
0 7081.6
0 7092.0
0 7110.4000000000015
1 7152.0
0 7168.0
0 7171.999999999999
1 7173.714285714284
1 7175.999999999999
0 7178.0
1 7180.0
2 7188.000000000001
1 7190.4
0 7193.0
1 7201.0
1 7220.0
2 7232.0
1 7233.333333333332
0 7236.0
1 7238.4
3 7256.0
0 7290.4
3 7292.0
3 7302.400000000001
0 7304.000000000001
0 7306.4000000000015
3 7308.0
3 7310.0
0 7320.0
0 7322.0
1 7332.0
1 7334.0
3 7352.0
0 7384.0
3 7388.0
0 7391.0
1 7392.0
3 7401.333333333332
0 7412.0
0 7429.0
2 7492.0
1 7622.0
1 7624.0
3 7635.0
0 7638.4
1 7652.0
0 7659.2
3 7666.0
0 7670.4
0 7680.0
2 7684.000000000001
1 7685.600000000001
0 7686.0
2 7686.666666666666
0 7692.0
0 7694.666666666666
1 7704.0
1 7721.333333333332
0 7753.333333333333
0 7818.666666666666
2 7824.0
1 7833.0
1 7844.000000000001
3 7860.0
0 7863.200000000001
3 7872.800000000001
2 7908.000000000001
3 7908.666666666666
0 7908.800000000001
2 7912.0
1 7916.0
2 7917.0
3 7917.333333333332
0 7928.0
3 7932.0
0 7940.0
3 7959.999999999999
0 7960.0
1 7964.0
0 7964.0
3 7966.0
1 7976.0
1 7994.0
1 7998.666666666666
2 8000.0
1 8008.0
1 8012.0
3 8020.0
0 8038.0
0 8040.0
0 8042.0
2 8046.0
3 8048.0
1 8060.0
0 8060.0
3 8064.0
1 8072.0
0 8072.0
0 3.9999999999999987
1 5.428571428571427
0 15.999999999999995
0 17.428571428571427
2 20.000000000000004
1 21.230769230769237
0 24.0
2 25.090909090909086
1 36.0
0 53.00000000000001
1 56.00000000000001
0 64.33333333333333
0 67.99999999999999
1 69.33333333333331
1 72.0
2 80.36363636363639
2 84.00000000000001
1 85.09090909090911
1 88.0
3 102.4
0 106.4
2 109.33333333333333
1 144.0
0 153.2
3 156.0
0 164.8
0 184.00000000000003
1 192.7272727272727
0 194.54545454545453
1 197.2
0 200.00000000000003
1 201.60000000000002
2 203.99999999999994
1 211.99999999999994
2 229.77777777777774
0 264.0
3 337.6
3 341.20000000000005
0 344.0
1 352.3636363636364
2 366.9090909090908
1 370.5454545454545
0 374.54545454545456
0 377.4545454545455
1 380.0000000000001
2 380.0
1 381.33333333333337
3 384.0
0 395.0
1 396.0
0 404.5
3 408.5
2 425.0
0 461.5
1 469.33333333333337
0 473.6
3 480.44444444444434
3 484.0
2 485.77777777777777
3 505.3333333333333
0 508.00000000000006
0 509.7777777777778
0 512.0
1 520.5
2 524.0
3 532.0
2 533.5
1 537.1428571428571
2 544.5714285714286
1 549.1428571428571
0 567.9999999999999
1 600.5
1 612.0
0 613.3333333333334
2 616.0
3 632.0
3 707.9999999999998
0 836.0000000000001
0 840.0
1 841.1999999999999
2 841.3333333333335
0 853.3333333333331
3 855.9999999999999
0 857.3333333333333
0 868.0
0 869.3333333333334
1 872.0
2 896.5
1 930.2222222222221
1 933.2000000000002
2 934.6666666666666
1 937.7777777777778
0 940.0
1 948.5
2 952.0
3 968.0
1 977.7142857142858
2 997.5
3 1027.9999999999998
2 1097.3333333333333
3 1108.0
0 1109.4545454545455
1 1112.0000000000002
0 1113.6000000000001
1 1116.0
2 1116.4444444444443
3 1124.0
1 1128.0
0 1144.5
2 1156.4444444444443
0 1160.0
1 1161.7777777777778
0 1171.9999999999998
0 1173.7777777777776
1 1176.0
0 1177.5
0 1180.0
1 1189.7142857142856
1 1205.7142857142858
0 1238.857142857143
0 1242.5
2 1252.0
1 1270.0
1 1273.5
0 1284.0
1 1285.7777777777778
0 1288.0
1 1289.5
0 1290.8571428571427
0 1301.142857142857
1 1318.2857142857142
1 1352.0
3 1364.0
0 1365.3333333333335
0 1368.0
1 1369.5
2 1372.0
1 1373.142857142857
1 1384.0
1 1385.142857142857
0 1452.0
3 1459.9999999999995
0 1476.0
1 1480.5714285714284
0 1484.0
1 1485.7142857142858
3 1496.0
0 1497.7142857142858
2 1500.0
0 1508.6666666666665
3 1526.6666666666665
0 1560.5714285714287
0 1563.9999999999998
1 1572.5714285714284
0 1576.0
3 1577.142857142857
1 1579.9999999999998
0 1587.9999999999995
0 1606.0
0 1617.7142857142856
1 1620.0
2 1619.9999999999998
3 1764.0
0 1765.1428571428569
2 1768.6666666666665
1 1780.6666666666665
0 1784.0
3 1811.428571428571
1 1785.333333333333
3 1789.333333333333
1 1791.9999999999995
2 1800.0
3 1806.4
0 1810.4
0 1812.0000000000002
1 1832.0
2 1864.0
3 1930.4
2 1934.0
1 1945.9999999999995
0 1947.9999999999995
2 1956.6666666666665
1 1972.6666666666665
1 1977.7142857142858
2 2011.9999999999995
1 2019.9999999999995
3 2023.9999999999998
1 2026.4
0 2028.0000000000002
2 2028.0
3 2030.4
1 2032.0
0 2040.0
1 2060.0
1 2068.8
1 2072.8
0 2073.6000000000004
1 2076.0
2 2085.0
2 2112.0
1 2113.333333333333
3 2116.6666666666665
0 2118.4
2 2121.6
0 2124.0
1 2380.0
2 2382.0
0 2392.0
3 2411.0
0 2452.0
1 2470.0
0 2472.0
2 2480.6666666666665
3 2486.0
2 2486.6666666666665
3 2490.4
0 2498.4
0 2514.4
1 2516.8
0 2520.0
0 2522.4
2 2532.0
3 2564.0000000000005
0 2565.6000000000004
2 2632.0
1 2761.6000000000004
2 2766.4
1 2775.9999999999995
2 2777.333333333333
3 2781.6000000000004
2 2788.0
3 2806.4
2 2840.0
2 2844.0
3 2846.666666666666
3 2849.333333333333
0 2868.0
1 2884.0
3 2885.714285714286
0 2887.9999999999995
0 2890.0
1 2892.8
0 2902.4000000000005
0 2905.333333333333
0 2916.0
0 2916.6666666666665
1 2920.0
3 2928.8
0 2948.0
3 2949.3333333333335
1 2952.0
0 2960.0
1 2963.2000000000007
2 2964.0
0 2968.0
3 2976.0
2 2993.0
2 3044.0000000000005
1 3045.3333333333335
3 3108.0
2 3142.4000000000005
1 3209.999999999999
0 3214.8571428571427
3 3223.9999999999995
0 3225.7142857142853
1 3227.333333333333
0 3230.4
3 3240.0
0 3243.9999999999995
1 3252.0
0 3253.9999999999995
1 3256.8
1 3268.0
2 3283.999999999999
1 3286.666666666666
3 3288.0
1 3290.4
3 3300.0
0 3316.8
0 3319.2
2 3322.4000000000005
0 3324.0
1 3325.0
2 3325.333333333333
3 3328.0
0 3338.0
3 3342.0
0 3360.0
0 3378.0
2 3428.8
3 3463.999999999999
0 3465.7142857142853
1 3655.999999999999
2 3661.7142857142853
1 3662.8571428571427
1 3673.142857142857
3 3924.0
2 3940.571428571428
3 3942.5
0 4456.571428571428
1 4464.0
0 4466.0
2 4470.0
1 4473.5
0 4476.0
3 4492.0
2 4493.142857142857
1 4497.333333333333
0 4508.0
0 4532.0
1 4534.5
0 4569.5
1 4579.999999999999
0 4581.333333333333
2 4584.0
3 4592.0
0 4608.0
2 4611.999999999999
3 4614.0
0 4617.5
0 4620.0
3 4621.714285714285
0 4624.0
0 4633.333333333333
0 4635.333333333333
1 4644.0
0 4661.333333333333
2 4696.0
3 4769.714285714285
2 4773.142857142857
3 4774.0
1 4784.0
2 4928.5
2 4932.0
1 4933.777777777777
2 4945.333333333332
1 4964.0
2 4996.400000000001
1 5000.0
0 5001.6
3 5011.999999999999
0 5013.2
0 5014.666666666665
0 5017.333333333331
0 5019.999999999999
1 5028.0
1 5032.0
0 5033.5
2 5036.0
1 5044.571428571428
3 5064.0
0 5065.5
0 5068.0
1 5069.714285714285
1 5079.999999999999
0 5081.142857142857
2 5095.999999999999
1 5099.333333333333
0 5109.999999999999
1 5112.0
0 5113.333333333333
2 5116.666666666667
0 5118.4
2 5128.000000000001
1 5131.200000000001
3 5133.0
2 5141.0
0 5160.0
2 5192.0
1 5196.0
1 5200.0
1 5210.4
0 5236.0
1 5237.714285714285
1 5240.0
3 5248.0
0 5251.333333333333
0 5254.0
1 5256.0
0 5257.599999999999
2 5260.0
3 5324.0
0 5330.0
3 5350.0
0 5382.0
2 5387.200000000001
0 5391.0
1 5400.0
1 5424.8
2 5461.714285714285
1 5464.0
1 5465.714285714285
1 5476.0
2 5477.714285714284
0 5479.999999999999
3 5488.0
0 5489.999999999999
1 5492.799999999999
0 5496.0
1 5498.4
3 5508.000000000001
0 5524.8
1 5528.000000000001
2 5542.4
1 5552.0
1 5556.0
0 5557.6
2 5561.6
0 5564.0
1 5567.0
3 5568.0
0 5576.0
2 5581.333333333333
1 5585.333333333333
0 5592.0
1 5594.666666666666
1 5604.0
1 5620.0
0 5656.0
1 5720.0
3 5848.0
0 6108.0
1 6110.4
0 6120.0
3 6128.800000000001
0 6147.200000000002
2 6152.0
3 6160.666666666664
3 6162.0
2 6164.800000000001
1 6184.000000000001
0 6193.333333333332
2 6223.999999999999
1 6227.333333333333
1 6229.999999999998
0 6232.0
1 6240.0
1 6257.599999999999
3 6292.666666666666
0 6293.333333333332
2 6297.333333333332
1 6365.600000000001
2 6366.666666666666
0 6375.999999999998
2 6393.999999999999
1 6404.0
0 6405.142857142858
1 6408.0
0 6420.0
3 6421.714285714285
1 6423.999999999998
0 6425.999999999999
1 6428.000000000001
1 6438.4
0 6463.999999999999
1 6497.714285714285
1 6560.5714285714275
0 6563.999999999999
0 6567.999999999998
1 6569.714285714284
1 6580.0
1 6581.142857142857
0 6582.666666666666
0 6585.333333333333
2 6588.000000000001
1 6598.4
1 6615.2
1 6617.333333333331
1 6619.2
3 6620.0
0 6629.0
1 6645.0
2 6650.0
3 6820.0
2 6821.142857142857
3 6822.666666666666
2 6825.999999999999
1 6828.000000000001
2 6836.8
0 6856.799999999999
3 6864.666666666666
0 6881.999999999999
0 6916.0
0 6920.0
1 6921.714285714285
0 6924.0
1 6931.999999999999
3 6938.4
0 6940.0
0 6941.333333333332
1 6940.8
2 6952.0
1 6968.000000000001
0 6970.4
0 6972.0
3 6976.0
1 6978.666666666666
2 6997.0
1 7000.0
0 7001.6
0 7012.0
2 7028.000000000001
3 7030.4
3 7033.599999999999
0 7035.0
2 7046.0
1 7072.0
0 7072.666666666664
0 7076.0
3 7077.599999999999
0 7080.0
3 7083.0
2 7092.0
3 7095.0
0 7096.0
0 7098.666666666666
0 7107.999999999999
0 7125.333333333333
1 7160.0
0 7224.0
0 7236.0
3 7236.8
0 7240.0
3 7244.0
0 7252.0
0 7270.0
0 7272.0
1 7280.0
0 7282.0
0 7284.0
1 7286.666666666666
3 7290.666666666666
2 7323.999999999999
3 7326.666666666666
0 7328.0
3 7330.0
1 7340.0
0 7358.0
0 7360.0
0 7362.0
3 7364.0
1 7376.0
2 7384.0
1 7386.0
0 7388.0
2 7392.0
3 7400.0
0 7416.0
3 7420.0
1 7428.0
0 7428.0
0 3.9999999999999987
1 5.428571428571427
2 7.999999999999998
3 16.307692307692307
0 20.000000000000004
3 21.538461538461544
0 31.999999999999993
3 48.923076923076934
0 52.0
1 53.53846153846154
0 63.999999999999986
0 65.53846153846153
0 67.99999999999999
0 69.33333333333333
2 72.0
1 80.00000000000003
0 97.81818181818181
0 132.36363636363637
0 135.99999999999997
3 144.33333333333334
0 147.99999999999997
0 149.33333333333334
1 151.99999999999997
0 160.36363636363637
3 180.00000000000003
0 181.66666666666666
1 183.99999999999994
0 185.09090909090907
0 195.99999999999997
3 197.45454545454547
1 200.0
0 208.80000000000004
2 222.80000000000004
1 226.80000000000004
0 261.3333333333333
1 326.4
0 340.00000000000006
1 341.3333333333333
2 344.0
1 352.3636363636364
3 372.0
0 373.66666666666663
1 376.0
0 377.81818181818187
1 387.99999999999994
0 389.81818181818176
3 400.00000000000006
0 401.81818181818187
0 404.00000000000006
0 405.60000000000014
1 416.00000000000006
0 432.79999999999995
0 436.0000000000001
1 437.6
1 447.2000000000001
0 449.6
2 452.0
3 453.7777777777778
0 456.00000000000006
1 456.5
2 468.0
1 485.5
0 520.0
1 521.3333333333333
2 521.5
0 525.1428571428571
1 536.0
1 560.5
0 593.7777777777777
1 597.3333333333333
2 599.9999999999998
1 601.7777777777776
0 667.9999999999999
3 796.4444444444445
0 808.0
0 825.1999999999999
0 836.0
3 837.4545454545455
0 840.0
1 849.2
1 867.9999999999998
0 869.0909090909089
0 871.9999999999999
3 880.4
0 883.9999999999999
3 885.6000000000001
1 887.9999999999998
3 896.8888888888888
0 913.3333333333335
0 948.0
3 952.0000000000002
0 960.4
0 963.9999999999999
3 965.6000000000001
2 976.0000000000001
1 992.0000000000002
2 1025.6
1 1029.818181818182
0 1032.0000000000002
1 1040.8
1 1044.0
0 1045.6
2 1048.0
1 1056.4444444444446
0 1060.0000000000002
2 1061.7777777777778
3 1072.0
2 1088.4444444444446
0 1092.0
1 1093.3333333333333
2 1093.5
0 1097.7142857142856
1 1105.7142857142856
0 1109.9999999999998
1 1110.857142857143
0 1113.7142857142858
3 1180.0
0 1181.7142857142856
0 1191.9999999999998
0 1208.5714285714284
0 1212.0
3 1213.7142857142858
1 1243.9999999999998
0 1248.0
1 1256.6666666666665
3 1262.0
0 1278.6666666666667
2 1288.0
3 1300.0
0 1301.5
0 1312.0
1 1328.0
0 1330.0
3 1332.5714285714284
0 1336.0
1 1337.7142857142856
2 1339.9999999999998
1 1348.0
2 1364.6666666666665
2 1401.7142857142858
0 1468.0
3 1604.5
1 1863.9999999999998
0 1865.6000000000001
0 1876.0
1 1892.8000000000004
0 1928.0
0 1929.4545454545455
3 1940.0
0 1941.454545454546
1 1944.0000000000005
0 1953.2000000000005
3 1972.0000000000002
0 1973.090909090909
1 1976.0
2 1984.0000000000005
1 1985.2000000000003
2 1988.0
1 1990.2222222222222
1 1993.0
2 1994.5
0 2004.0
1 2006.0
1 2008.5
0 2011.9999999999995
2 2020.5714285714282
1 2024.0
0 2025.7142857142858
3 2040.0
0 2042.0
0 2052.0
1 2055.9999999999995
0 2067.333333333333
1 2069.7142857142853
3 2080.0
0 2096.5714285714284
3 2128.5714285714284
3 2132.5714285714284
0 2136.0
1 2144.0
3 2146.2857142857138
3 2150.0
2 2163.9999999999995
1 2230.0
0 2233.9999999999995
2 2242.6666666666665
0 2246.4
1 2262.6666666666665
1 2295.333333333333
2 2302.0
1 2312.0
1 2313.5
0 2324.0
1 2325.5
0 2328.0
1 2329.714285714286
3 2340.0
0 2357.7142857142853
2 2392.0
1 2400.0
0 2404.0
1 2405.5
0 2406.8571428571427
2 2408.0
3 2472.0
0 2602.0
3 2616.0
0 2632.5
2 2644.0
3 2660.444444444445
3 2693.7777777777774
2 2697.3333333333335
1 2703.9999999999995
2 2706.6666666666665
0 2709.5
3 2710.5
0 2713.7142857142853
0 2717.7142857142853
1 2720.0
2 2728.0
1 2730.285714285714
3 2754.6666666666665
2 2759.0
2 2761.5
0 2763.9999999999995
1 2765.714285714286
3 2768.0
0 2776.666666666666
1 2780.0
2 2796.0
3 2829.3333333333335
3 2893.9999999999995
2 2898.0
3 2909.714285714286
0 2918.857142857142
1 2921.5
3 2932.0
0 2933.5
1 2952.0
0 2961.5
0 2964.0
1 2965.5
0 2966.8571428571427
1 2967.9999999999995
1 2977.9999999999995
0 2982.0
3 2984.0
0 2986.0
1 2988.0
3 2990.0
2 3016.0
3 3049.333333333333
1 3051.9999999999995
2 3068.666666666667
2 3072.0000000000005
1 3079.999999999999
2 3082.6666666666665
2 3085.333333333333
1 3087.9999999999995
3 3096.0
2 3099.2
0 3100.0
1 3108.0
0 3124.0
1 3163.0
2 3172.8000000000006
3 3192.0
0 3193.714285714286
1 3255.9999999999995
2 3258.666666666666
3 3384.8
2 3648.8
1 3655.9999999999995
2 3669.714285714286
1 3672.0
0 3680.5
3 4192.0
0 4208.5
3 4244.444444444445
0 4246.666666666667
0 4257.333333333333
1 4277.333333333334
0 4280.0
1 4281.6
0 4291.999999999999
0 4293.2
0 4304.0
1 4305.6
0 4308.000000000001
0 4309.333333333333
3 4324.0
0 4327.0
0 4329.714285714285
1 4341.5
2 4344.0
3 4376.0
2 4444.0
1 4451.999999999999
2 4468.888888888889
2 4473.6
0 4484.0
1 4485.200000000001
2 4487.999999999999
1 4489.777777777777
0 4500.0
1 4516.888888888889
1 4551.999999999999
0 4553.2
1 4564.0
0 4565.6
0 4568.0
1 4569.333333333334
3 4569.5
1 4581.0
2 4600.0
3 4608.0
2 4610.222222222222
2 4613.5
1 4616.0
0 4617.5
0 4618.857142857143
1 4627.999999999999
3 4644.0
0 4680.0
1 4682.5
3 4748.0
0 4877.5
3 4889.0
2 4892.0
0 4900.444444444444
0 4903.999999999999
0 4905.7777777777765
1 4908.0
2 4916.0
1 4917.5
3 4932.0
3 4944.0
0 4947.0
3 4949.142857142858
2 4953.0
0 4962.857142857142
1 4965.5
2 4965.714285714285
0 4967.333333333333
2 4968.0
0 4979.2
0 4997.999999999999
2 5008.0
3 5040.571428571428
0 5060.0
1 5062.0
3 5064.0
0 5066.857142857143
1 5076.0
2 5077.714285714284
3 5092.666666666666
2 5130.0
2 5133.999999999999
1 5144.0
2 5145.5
0 5148.0
3 5212.0
3 5220.571428571428
1 5224.0
0 5233.142857142858
2 5253.714285714284
1 5254.5
0 5264.0
2 5266.0
1 5268.5
2 5271.999999999999
0 5273.714285714285
3 5284.0
0 5299.999999999999
3 5333.714285714285
0 5345.5
1 5348.0
0 5349.5
2 5352.0
3 5368.0
0 5374.857142857143
1 5378.857142857142
1 5381.714285714285
2 5385.333333333333
1 5394.666666666667
1 5411.999999999999
0 5414.285714285714
3 5416.0
3 5419.999999999999
0 5421.999999999999
1 5421.6
3 5432.800000000001
0 5436.0
3 5444.8
0 5448.000000000001
0 5449.6
2 5452.0
1 5461.0
1 5464.0
2 5475.0
0 5484.0
1 5525.0
1 5528.000000000001
0 5528.800000000001
3 5540.0
2 5556.0
1 5588.000000000001
2 5591.200000000001
0 5600.0
3 5668.000000000001
0 5669.333333333334
1 5800.0
2 5802.0
1 5803.999999999999
0 5804.8
0 5807.0
2 5817.0
3 5844.0
0 5860.666666666667
3 6151.999999999999
0 6161.5
3 6165.5
0 6167.999999999998
1 6168.0
3 6170.857142857142
0 6173.999999999999
3 6192.0
0 6208.5
2 6272.0
3 6274.5
0 6277.5
1 6281.714285714285
1 6283.999999999999
0 6285.714285714284
0 6288.0
0 6297.333333333333
0 6314.666666666666
1 6325.142857142858
0 6328.0
1 6329.714285714285
1 6332.0
2 6332.666666666666
2 6336.0
1 6346.4000000000015
0 6348.000000000001
1 6350.4
2 6358.0
1 6362.400000000001
2 6364.0
2 6374.0
1 6392.0
0 6424.000000000001
3 6428.8
0 6448.800000000001
1 6453.999999999999
0 6457.599999999999
1 6459.2
0 6469.6
1 6471.999999999998
2 6472.8
0 6476.0
0 6478.0
2 6488.0
1 6491.0
0 6492.0
2 6501.333333333332
1 6520.0
1 6552.0
1 6556.0
1 6559.0
0 6568.0
1 6587.0
0 6588.0
0 6590.0
2 6600.0
1 6601.0
1 6604.0
0 6608.0
0 6615.999999999999
3 6632.0
2 6634.666666666666
0 6636.0
1 6644.0
0 6648.0
0 6652.0
3 6662.0
2 6664.0
1 6666.0
1 6668.0
2 6672.0
0 6680.0
1 6696.0
1 6728.0
0 6732.0
1 6732.0
0 3.9999999999999987
1 5.428571428571427
2 7.999999999999998
1 16.923076923076916
0 20.000000000000004
1 21.538461538461544
3 24.0
0 32.0
3 49.333333333333336
0 53.0
0 56.00000000000001
1 64.33333333333334
1 67.99999999999999
0 69.33333333333333
2 69.45454545454545
0 73.2
3 84.00000000000001
0 85.09090909090911
0 86.4
0 96.0
3 113.60000000000002
0 148.0
0 152.0
1 160.36363636363637
0 180.00000000000003
1 181.33333333333334
1 183.99999999999994
0 193.09090909090907
0 195.99999999999997
3 197.45454545454547
1 200.0
0 201.60000000000002
1 202.66666666666666
0 205.5
3 216.0
2 239.99999999999994
1 276.0
0 340.00000000000006
1 342.5454545454546
1 353.0909090909091
2 372.0
1 373.3333333333333
0 376.0
3 383.9999999999999
3 387.99999999999994
0 389.45454545454544
0 391.99999999999994
3 393.6
1 404.0
1 405.6
0 408.00000000000006
0 409.33333333333326
2 412.0
1 421.0
1 447.99999999999994
1 480.4
0 484.0
3 485.6000000000001
1 488.00000000000006
0 489.33333333333337
0 492.00000000000006
2 499.0
1 502.5
0 520.0
3 524.0
0 525.5
3 526.8571428571428
0 537.7142857142857
3 554.2857142857142
3 588.0
0 653.0
3 665.0
2 667.9999999999999
0 792.5
0 804.5
3 808.0
0 817.3333333333331
3 836.4000000000002
1 840.0
1 841.6
1 844.0
2 852.4444444444442
1 868.4444444444445
3 880.0
0 913.6000000000001
0 917.2000000000002
1 920.0
0 929.2000000000003
0 932.0000000000001
1 933.6000000000001
3 936.0
0 944.4444444444446
0 961.7777777777776
3 965.6000000000001
2 976.0000000000001
3 992.4000000000002
1 996.0000000000001
0 997.2
0 1000.0
1 1001.3333333333333
3 1004.0
0 1012.5
2 1016.0
1 1017.5
1 1020.0
0 1028.5714285714287
0 1032.0
1 1033.142857142857
2 1068.0
1 1132.5714285714284
3 1135.9999999999998
0 1144.0
0 1161.7142857142856
3 1163.3333333333333
1 1168.0
0 1177.142857142857
2 1180.0
1 1189.7142857142856
1 1206.2857142857142
3 1248.0
0 1265.7777777777778
0 1269.1999999999998
3 1270.6666666666665
3 1281.333333333333
2 1284.0
1 1285.7777777777778
3 1288.0
2 1290.0
0 1300.0
1 1316.5
0 1318.0
1 1321.7142857142856
2 1356.0
1 1429.0
1 1439.0
2 1441.6
3 1572.0000000000002
0 1573.2000000000003
2 1827.9999999999998
3 1831.1111111111113
3 1842.6666666666667
1 1845.5
0 1847.9999999999998
3 1872.4444444444443
0 1876.0
1 1877.6
3 1880.0
1 1888.8888888888891
0 1907.9999999999998
0 1909.2
0 1920.0
3 1936.8000000000002
0 1972.0000000000002
1 1973.4545454545457
2 1976.0
1 1985.2000000000003
0 1987.9999999999998
3 1989.6000000000001
1 1992.0000000000002
0 1993.333333333333
2 1996.0
1 2005.5
1 2024.0
2 2056.8888888888887
2 2121.777777777778
1 2133.2000000000003
2 2144.0000000000005
3 2145.454545454546
1 2148.0
0 2164.4
0 2168.0
1 2169.2
1 2172.0
1 2173.7777777777774
3 2176.0
0 2184.5
0 2188.0
0 2197.5
1 2207.9999999999995
0 2209.3333333333335
2 2212.0
1 2213.5
1 2216.0
3 2232.0
0 2233.7142857142853
2 2260.0
3 2270.0
0 2280.0
1 2281.714285714286
3 2285.333333333333
1 2295.9999999999995
0 2312.5714285714284
1 2324.0
0 2325.5
1 2326.8571428571427
2 2341.333333333333
3 2329.333333333333
1 2340.6666666666665
2 2358.6666666666665
2 2391.333333333333
2 2456.5714285714284
2 2468.571428571428
3 2597.0
3 2600.5714285714284
0 2602.0
0 2605.142857142857
3 2614.2857142857138
0 2633.0
1 2635.9999999999995
3 2637.5
2 2644.0
0 2649.7142857142853
1 2651.9999999999995
0 2660.5714285714284
1 2678.285714285714
1 2681.5
2 2716.0
2 2724.0
3 2736.0
2 2743.0
0 2753.5
1 2754.5
2 2757.714285714286
0 2761.9999999999995
2 2764.0000000000005
1 2772.0
2 2775.9999999999995
1 2777.7142857142853
0 2788.0
1 2804.5714285714284
3 2836.0
0 2838.857142857142
2 2905.9999999999995
3 2916.0
0 2917.5
1 2918.857142857142
3 2921.7142857142853
2 2921.9999999999995
0 2933.333333333333
1 2945.142857142857
3 2964.0
0 2965.5
0 2968.0
1 2969.7142857142853
2 2972.0
1 2974.0
2 2984.0
1 3000.0
2 3034.0
1 3038.285714285714
3 3044.0
0 3060.0
2 3066.4
1 3076.5714285714284
0 3079.999999999999
1 3087.999999999999
0 3092.0
1 3093.714285714286
0 3104.0
0 3105.7142857142853
2 3108.0
1 3109.333333333333
0 3112.0000000000005
2 3114.0
1 3124.0000000000005
2 3140.8
3 3152.0000000000005
0 3168.0
3 3201.999999999999
2 3205.714285714286
1 3267.9999999999995
3 3272.0000000000005
2 3274.666666666666
3 3285.333333333333
0 3295.9999999999995
1 3423.999999999999
0 3681.714285714286
1 4194.857142857143
3 4210.0
0 4246.5
1 4257.333333333333
0 4260.0
3 4261.777777777778
1 4265.5
0 4266.0
0 4276.0
1 4280.0
0 4289.0
2 4308.0
3 4324.444444444444
0 4327.999999999999
2 4361.0
3 4369.777777777778
2 4373.777777777777
1 4428.888888888888
0 4438.666666666667
2 4442.0
1 4449.5
1 4455.0
2 4464.0
1 4482.222222222222
2 4485.6
0 4487.999999999999
1 4496.444444444444
1 4498.666666666667
0 4501.333333333333
0 4502.5
0 4513.5
1 4516.0
2 4516.0
0 4517.142857142856
1 4527.999999999999
1 4545.142857142856
2 4581.142857142857
3 4584.0
0 4585.5
0 4588.0
0 4589.714285714286
1 4608.0
0 4616.571428571429
2 4627.999999999999
1 4629.5
0 4644.571428571428
0 4648.0
1 4649.714285714285
1 4651.999999999999
1 4661.333333333333
3 4672.0
2 4690.285714285714
2 4726.0
0 4728.0
2 4792.0
1 4921.5
1 4933.5
0 4936.0
2 4937.777777777777
0 4947.999999999999
1 4948.888888888889
2 4949.5
0 4953.0
1 4956.0
2 4963.999999999999
1 4966.285714285714
1 4968.5714285714275
3 4980.0
2 4997.714285714285
0 5032.0
1 5033.5
3 5036.0
0 5037.714285714286
3 5039.333333333333
0 5042.400000000001
3 5059.999999999999
0 5092.571428571429
0 5095.999999999999
3 5097.5
1 5100.0
0 5109.714285714284
0 5120.0
1 5121.5
0 5124.0
1 5125.714285714285
2 5155.999999999999
3 5174.0
0 5242.0
1 5243.999999999999
3 5253.142857142857
3 5262.857142857143
0 5265.5
2 5268.0
1 5270.857142857142
0 5272.0
2 5275.333333333333
1 5277.999999999999
3 5287.999999999999
2 5306.0
3 5316.0
0 5317.714285714286
3 5319.333333333334
1 5320.0
0 5329.6
0 5330.4
0 5332.800000000001
1 5336.0
0 5339.0
1 5348.0
2 5365.0
0 5370.4
1 5372.0
0 5374.0
2 5384.0
3 5400.0
2 5435.0
2 5437.6
0 5448.000000000001
1 5464.0
0 5497.599999999999
3 5565.333333333333
1 5704.0
0 5705.5
2 5708.0
0 5960.666666666666
1 5966.0
0 5973.999999999999
1 5978.285714285713
0 5988.571428571428
1 6000.0
2 6016.0
1 6049.5
2 6053.142857142857
1 6056.0
0 6058.0
0 6068.0
1 6085.0
3 6088.0
2 6089.5
1 6089.714285714284
3 6093.714285714286
0 6096.0
3 6104.666666666666
3 6106.666666666666
3 6109.333333333333
1 6120.0
0 6137.999999999999
2 6139.999999999999
1 6147.999999999998
3 6152.0
0 6152.666666666665
0 6153.6
0 6156.0
1 6159.0
3 6164.0
1 6176.0
2 6207.999999999999
3 6218.666666666666
2 6231.0
1 6236.0
3 6242.0
0 6244.800000000001
1 6248.0
2 6252.0
1 6268.0
0 6278.0
1 6289.6
1 6306.4000000000015
1 6339.999999999998
0 6406.0
2 6408.0
3 6409.333333333332
0 6412.0
3 6415.2
0 6424.000000000001
3 6428.000000000001
2 6436.0
3 6452.799999999999
1 6488.000000000001
0 6496.666666666666
3 6500.666666666666
2 6504.0
3 6506.0
2 6516.0
3 6518.0
0 6532.0
3 6534.4
2 6538.0
3 6540.0
2 6550.0
1 6552.0
0 6553.0
3 6567.999999999999
0 6570.666666666666
1 6608.0
0 6672.0
2 6687.0
0 6816.0
1 6824.666666666665
0 6826.666666666666
0 6835.999999999999
0 6840.0
1 6842.0
0 6844.000000000001
1 6846.4000000000015
3 6852.0
0 6872.0
1 6874.4
3 6877.0
0 6880.0
3 6889.0
0 6905.0
0 6910.4
2 6944.0
3 6953.599999999999
1 6955.999999999999
2 6957.599999999999
0 6968.000000000001
0 6984.000000000001
0 6988.000000000001
1 6989.6
0 6992.0
0 7001.0
1 7004.0
0 7007.0
2 7008.0
1 7020.0
2 7036.0
1 7039.0
2 7048.0
1 7051.0
0 7052.0
0 7054.666666666666
2 7056.0
3 7068.0
0 7088.0
3 7124.0
0 7189.0
0 7192.0
2 7202.0
0 7220.8
0 7252.799999999999
1 7320.8
2 7323.999999999998
0 7332.666666666666
1 7350.666666666666
1 7353.142857142857
1 7364.0
0 7365.714285714285
2 7368.0
1 7369.333333333333
0 7372.0
1 7373.599999999999
1 7384.000000000001
1 7400.8
1 7404.000000000001
0 7406.4000000000015
0 7416.0
1 7417.599999999999
3 7428.000000000001
0 7430.4000000000015
1 7440.0
2 7431.999999999999
1 7440.0
2 7443.999999999999
0 7444.0
1 7448.0
1 7450.0
0 7452.0
2 7460.0
3 7480.0
0 7512.0
3 7640.0
3 7652.0
0 7671.999999999999
1 7674.0
2 7674.666666666666
0 7685.333333333333
1 7702.666666666666
1 7736.0
1 7739.0
0 7741.333333333333
1 7752.0
0 7755.0
0 7756.0
3 7758.666666666666
1 7770.666666666666
0 7780.0
0 7782.0
3 7782.666666666666
1 7784.0
0 7786.0
1 7788.0
1 7792.0
1 7800.0
1 7816.0
2 7852.0
1 7852.0
1 7856.0
1 7864.0
1 7868.0
1 7868.0
