0 3.9999999999999987
1 5.428571428571427
1 7.999999999999998
0 16.92307692307692
0 19.999999999999996
1 21.230769230769237
0 24.0
1 33.0
1 50.0
1 53.23076923076923
1 55.99999999999998
0 65.0
0 67.99999999999999
1 69.33333333333331
1 72.0
2 80.36363636363637
1 97.09090909090907
2 130.54545454545456
0 135.99999999999997
1 145.0
1 147.99999999999997
2 149.66666666666666
2 158.66666666666669
1 161.0
0 164.0
1 165.8181818181818
0 168.00000000000003
1 176.79999999999998
1 195.99999999999997
0 197.45454545454547
2 200.0
1 209.20000000000005
2 225.60000000000005
2 229.33333333333334
1 230.40000000000003
0 232.44444444444443
3 268.44444444444446
0 341.2
1 344.0
3 351.6363636363636
0 369.4545454545454
3 373.66666666666663
2 376.0
1 385.090909090909
1 387.99999999999983
0 389.8181818181818
0 398.5454545454546
2 393.59999999999997
0 404.0
1 405.6000000000001
2 407.9999999999999
1 416.44444444444446
2 433.33333333333337
2 436.8888888888889
1 448.00000000000006
0 464.4
1 500.0
0 501.4545454545454
0 504.0
3 513.2
3 514.4000000000001
2 516.4444444444443
0 518.5
0 521.5
2 528.0
1 532.8888888888888
2 536.0
1 538.0
2 548.0
1 564.5
1 568.0
2 600.0
1 668.0
0 676.4444444444443
1 696.0
2 703.9999999999999
0 707.9999999999999
1 709.1999999999999
2 711.9999999999999
1 721.3333333333334
3 868.0
0 869.0909090909089
1 903.9999999999999
0 905.818181818182
0 908.0
1 916.8000000000002
0 920.0
3 928.4000000000001
0 932.0000000000001
0 933.6000000000001
1 943.9999999999999
1 960.4
0 963.9999999999999
3 965.6000000000001
1 967.9999999999999
0 976.8888888888889
0 980.0
1 981.7777777777779
1 984.0
2 992.0
1 1008.5
0 1042.5
2 1045.7777777777778
1 1113.5
0 1116.0
1 1125.3333333333335
3 1144.0
0 1145.2
2 1148.0
3 1156.4444444444443
1 1160.0
2 1161.3333333333333
1 1171.9999999999998
1 1173.3333333333333
0 1188.0
0 1192.0
3 1225.5
0 1228.0
3 1238.5
2 1248.0
3 1250.6666666666667
2 1253.3333333333333
0 1253.5
2 1254.8571428571427
2 1265.7142857142856
3 1266.8571428571427
3 1269.7142857142856
0 1273.3333333333333
1 1276.0
2 1291.9999999999998
2 1296.0
1 1303.9999999999998
2 1306.6666666666665
0 1308.0
3 1314.4
1 1309.0
3 1316.0
2 1325.0
3 1343.0
2 1376.0
3 1386.4
3 1388.0
2 1390.4000000000003
1 1400.0
2 1418.4
1 1420.0
0 1424.0
1 1432.8000000000002
3 1459.9999999999998
0 1461.7142857142853
0 1464.0
1 1465.3333333333333
2 1468.0
1 1469.6
0 1471.0
0 1480.0
1 1499.0
0 1532.0
2 1605.6000000000001
1 1737.7142857142858
2 2004.0
3 2018.222222222222
0 2053.333333333333
3 2118.666666666666
3 2124.0000000000005
2 2132.4
0 2135.9999999999995
3 2137.6
0 2148.0
1 2164.0000000000005
0 2165.6000000000004
0 2168.0
3 2171.9999999999995
0 2180.8888888888887
0 2184.0
1 2192.0000000000005
0 2196.0
1 2197.3333333333335
3 2200.0
2 2216.0
3 2217.5
1 2220.0
3 2230.0
0 2233.714285714286
1 2241.714285714286
3 2261.7142857142853
2 2296.0
3 2297.7777777777774
1 2300.0000000000005
3 2307.5
2 2311.0
3 2313.5
0 2316.0
1 2325.714285714286
3 2327.9999999999995
0 2336.0
3 2338.857142857143
1 2340.0
3 2343.333333333333
1 2352.0
0 2367.9999999999995
1 2370.6666666666665
0 2374.0
0 2376.0
2 2391.0
1 2396.6666666666665
0 2432.0
1 2440.666666666666
3 2451.9999999999995
0 2469.7142857142853
0 2470.857142857142
2 2472.0
1 2473.9999999999995
1 2484.6666666666665
1 2488.0
0 2487.9999999999995
2 2490.4
2 2494.0
1 2503.0
2 2505.6
0 2504.0
2 2508.0
0 2517.333333333333
2 2538.6666666666665
1 2572.0
0 2574.3999999999996
2 2584.0000000000005
3 2648.0
1 2651.0
2 2780.0
3 2782.4000000000005
1 2785.0
0 2796.0
0 2813.5999999999995
0 2816.0
3 2824.0000000000005
0 2826.4
0 2836.8
1 2840.0
0 2841.6000000000004
2 2844.0
3 2846.0
1 2848.0
2 2857.333333333333
3 2873.333333333333
2 2880.0
1 2888.0
2 2889.0
0 2904.0
3 2945.333333333333
0 3009.0
3 3060.0
3 3064.0000000000005
0 3072.6666666666665
1 3077.999999999999
2 3080.5714285714284
3 3082.0
1 3085.6
0 3096.0
0 3097.9999999999995
1 3108.0
0 3126.0
1 3160.0
0 3161.714285714286
2 3163.999999999999
1 3171.9999999999995
1 3175.999999999999
1 3185.999999999999
0 3188.0
1 3190.0
3 3192.0000000000005
2 3272.0000000000005
1 3406.6666666666665
0 3658.666666666666
1 3665.333333333332
3 3674.0
2 4204.0
3 4236.888888888889
1 4248.000000000001
3 4256.0
2 4260.0
1 4274.799999999999
2 4278.4
1 4289.2
2 4290.4
1 4293.333333333333
2 4294.666666666667
2 4297.777777777778
2 4300.0
3 4308.5
0 4312.0
3 4328.5
0 4330.5
1 4364.571428571429
0 4366.5
2 4384.0
1 4448.444444444443
0 4450.666666666666
3 4454.0
0 4465.333333333333
0 4481.333333333333
3 4485.333333333332
2 4487.999999999999
1 4497.333333333334
1 4516.0
0 4517.6
0 4520.0
0 4521.333333333332
0 4532.0
0 4533.333333333334
0 4534.5
0 4537.5
2 4540.0
1 4548.0
0 4552.0
1 4553.714285714285
3 4572.0
0 4613.142857142857
0 4614.5
0 4617.0
3 4618.285714285715
2 4620.0
3 4622.666666666666
0 4632.666666666666
3 4650.0
3 4660.571428571428
0 4664.0
3 4665.142857142857
2 4668.0
1 4702.666666666666
2 4723.999999999999
3 4789.142857142857
0 4801.5
1 4802.5
1 4805.5
2 4809.5
3 4939.999999999999
2 4941.5
0 4952.0
0 4953.5
1 4956.0
0 4964.5714285714275
1 4966.857142857142
2 4968.0
3 4976.666666666666
0 4992.8
3 5012.666666666666
2 5047.428571428571
2 5058.5
0 5060.0
3 5063.0
3 5065.714285714286
0 5068.0
3 5069.142857142857
2 5080.0
3 5082.285714285714
0 5083.999999999999
2 5092.0
3 5112.0
0 5145.714285714285
0 5220.0
3 5236.888888888888
0 5240.0
3 5241.333333333333
0 5252.0
0 5253.333333333333
1 5256.0
0 5258.0
1 5268.0
1 5269.0
2 5271.999999999999
1 5274.285714285713
0 5275.999999999999
3 5292.0
0 5323.999999999999
3 5326.0
1 5335.999999999999
0 5340.0
0 5352.0
1 5361.714285714284
0 5364.0
2 5364.0
3 5366.0
2 5368.000000000001
0 5371.0
2 5392.0
1 5400.0
0 5407.999999999999
1 5410.666666666666
2 5412.0
1 5413.6
3 5416.8
0 5420.0
0 5422.0
1 5424.0
2 5440.0
3 5472.0
0 5540.0
3 5549.0
2 5676.0
3 5700.0
2 5709.333333333332
2 5718.857142857142
1 5721.333333333332
0 5736.0
1 5767.999999999999
1 5777.333333333332
2 6041.333333333333
1 6050.0
1 6053.5
2 6072.0
1 6081.333333333334
0 6084.0
1 6085.777777777777
0 6088.0
1 6089.5
0 6100.0
1 6117.0
0 6120.0
0 6129.5
0 6131.0
0 6134.0
0 6136.0
3 6143.999999999999
2 6177.142857142857
1 6178.857142857143
1 6182.285714285714
3 6185.142857142857
1 6205.333333333332
2 6210.857142857142
3 6265.333333333333
0 6279.999999999999
3 6281.714285714285
2 6285.142857142857
1 6285.333333333332
0 6288.000000000001
1 6297.599999999999
3 6316.8
3 6320.0
2 6321.333333333332
3 6354.400000000001
3 6364.000000000001
0 6374.666666666666
1 6377.714285714286
2 6391.999999999999
1 6394.666666666666
3 6406.400000000001
0 6409.714285714285
1 6412.0
3 6412.666666666665
0 6414.400000000001
0 6417.599999999999
2 6428.0
3 6429.6
0 6444.0
3 6480.0
2 6546.4000000000015
0 6676.0
1 6684.0
2 6693.999999999999
2 6698.0
1 6699.333333333332
0 6718.4
3 6727.999999999999
2 6729.714285714285
1 6740.571428571428
0 6744.0
1 6745.714285714286
1 6748.0
2 6749.999999999999
0 6752.0
1 6762.400000000001
2 6764.000000000001
0 6766.0
1 6776.0
2 6792.0
1 6825.600000000001
3 6849.333333333333
0 6856.0
3 6857.714285714285
0 6859.333333333333
0 6869.333333333332
1 6871.999999999999
0 6873.333333333333
1 6883.999999999999
3 6886.0
2 6888.000000000001
1 6896.0
3 6914.4
1 6916.799999999999
0 6920.0
1 6921.6
1 6924.000000000001
0 6926.0
3 6932.0
2 6963.999999999999
1 6966.666666666666
0 6970.0
1 6978.0
3 6998.0
0 7002.0
1 7006.0
0 7008.0
3 7016.0
2 7032.0
3 7035.999999999999
2 7046.666666666666
3 7061.333333333333
0 7072.0
1 7105.333333333333
0 7171.0
0 7176.0
1 7186.4000000000015
1 7188.000000000001
0 7191.0
3 7200.0
0 7218.4
1 7220.0
0 7221.6
1 7224.000000000001
1 7227.0
1 7236.0
0 7237.0
0 7248.0
1 7251.0
1 7252.0
2 7254.666666666666
0 7260.0
1 7268.0
1 7284.0
0 7320.0
3 7384.0
0 7513.0
1 7517.333333333333
0 7528.0
1 7530.4
3 7548.0
0 7556.799999999999
0 7560.0
1 7562.400000000001
1 7564.0
1 7573.0
0 7592.0
1 7594.400000000001
2 7624.0
3 7627.0
2 7636.0
1 7637.0
0 7640.0
1 7652.0
0 7670.0
3 7700.0
0 7707.0
1 7710.4
0 7720.0
3 7976.0
0 8488.800000000001
3 9514.400000000001
0 9518.0
1 9521.6
2 9532.0
3 9596.0
2 9613.999999999998
0 9624.0
3 9640.571428571428
0 9652.57142857143
0 9656.0
0 9657.6
1 9660.0
0 9669.142857142857
0 9686.857142857143
2 9720.0
1 9729.0
1 9732.0
0 9735.0
0 9745.5
1 9747.0
0 9749.5
1 9752.0
0 9753.714285714284
2 9756.0
1 9764.0
2 9781.333333333332
0 9784.0
0 9788.0
1 9796.666666666666
1 9800.0
0 9802.0
0 9812.0
1 9828.666666666666
1 9864.0
0 9865.714285714286
3 9917.333333333332
2 10057.999999999998
1 10072.0
0 10079.0
1 10082.5
2 10100.0
0 10101.714285714284
3 10103.999999999998
1 10140.0
0 10148.5
0 10152.0
3 10160.0
0 10178.0
3 10181.714285714284
2 10184.0
1 10185.5
3 10185.714285714286
1 10189.999999999998
0 10191.999999999998
1 10194.0
1 10203.999999999998
0 10206.0
0 10215.999999999998
1 10234.0
3 10276.0
0 10277.5
0 10280.0
1 10281.714285714286
1 10284.0
3 10284.666666666666
0 10286.4
0 10296.800000000001
2 10312.0
1 10316.000000000002
1 10318.400000000001
0 10330.4
1 10332.0
0 10342.400000000001
3 10368.0
0 10369.714285714286
1 10372.0
0 10374.0
2 10376.000000000002
0 10377.600000000002
2 10380.0
3 10388.0
0 10404.0
1 10406.0
3 10440.0
2 10444.0
1 10520.0
0 10536.0
1 10538.666666666666
1 10541.999999999998
0 10551.999999999998
1 10554.0
3 10563.999999999998
0 10565.999999999998
2 10568.0
3 10570.400000000001
2 10572.0
1 10604.0
2 10606.0
0 10608.0
1 10617.333333333332
0 10633.333333333332
1 10640.0
2 10648.0
1 10649.0
0 10652.0
2 10661.333333333332
1 10677.333333333332
1 10683.0
0 10684.0
0 10693.333333333332
1 10712.0
0 10745.0
3 10812.0
0 10950.4
0 10953.142857142855
0 10956.0
2 11211.999999999998
1 11213.999999999998
0 11225.333333333332
1 11241.333333333334
1 11274.666666666668
1 11285.142857142857
2 11297.142857142855
1 11314.0
1 11317.333333333332
1 11320.0
0 11322.0
3 11374.857142857141
2 11386.857142857141
1 11396.0
2 11400.0
3 11402.285714285714
0 11413.714285714283
0 11416.0
1 11417.714285714284
1 11428.0
0 11429.142857142857
0 11432.0
3 11432.666666666666
1 11434.400000000001
2 11444.0
3 11463.2
0 11496.800000000003
3 11506.666666666666
1 11523.999999999998
0 11525.714285714284
0 11528.0
3 11529.333333333334
1 11540.0
0 11558.666666666666
3 11567.999999999996
3 11572.0
0 11573.142857142857
1 11576.0
0 11577.333333333332
2 11588.0
3 11604.0
2 11636.666666666666
1 11640.666666666666
0 11643.999999999998
3 11708.666666666666
2 11714.666666666666
0 11720.666666666668
3 11724.0
0 11732.666666666666
2 11736.000000000002
1 11738.0
3 11748.0
2 11749.333333333332
1 11764.0
2 11768.0
2 11771.0
3 11781.6
2 11783.2
0 11816.0
3 11818.400000000001
1 11948.0
0 11958.400000000001
3 11976.666666666666
2 11988.0
3 12005.714285714286
0 12007.999999999998
1 12009.714285714284
3 12012.0
1 12020.666666666666
2 12024.0
1 12026.0
2 12028.0
1 12038.400000000001
2 12048.0
1 12050.0
0 12052.0
3 12068.0
2 12101.6
0 12170.0
1 12172.0
1 12174.0
1 12183.999999999998
1 12186.0
0 12187.2
1 12189.599999999999
0 12192.0
3 12200.0
2 12216.0
1 12227.0
0 12260.0
1 12261.6
3 12265.599999999999
2 12269.6
0 12272.0
3 12274.0
2 12274.666666666666
0 12286.666666666666
1 12312.0
0 12312.800000000001
1 12314.0
3 12325.0
2 12328.0
3 12330.0
1 12340.0
3 12356.0
0 12357.0
2 12360.0
0 12360.0
2 12380.0
1 12381.333333333332
3 12385.333333333332
1 12396.0
2 12427.999999999998
1 12432.0
2 12441.333333333332
1 12444.0
2 12445.333333333332
1 12456.0
1 12458.666666666664
0 12460.0
3 12468.0
0 12484.0
3 12516.0
2 12586.0
1 12727.0
0 12744.0
0 12745.333333333332
1 12748.000000000002
0 12749.6
0 12760.0
0 12761.599999999999
2 12760.0
0 12780.0
1 12792.0
1 12795.0
0 12796.0
3 12804.0
0 12820.0
3 12855.0
0 12864.8
1 12869.999999999996
3 12936.000000000002
0 12937.333333333332
1 12940.0
2 13196.0
1 13710.400000000001
2 13722.400000000001
1 13744.666666666664
2 13778.285714285714
0 13784.0
1 13785.5
1 13788.0
2 13796.0
1 13798.857142857141
2 13801.333333333332
1 13812.0
1 13813.142857142857
3 13831.999999999996
2 13833.142857142857
0 13836.0
2 13838.400000000001
3 13848.0
0 13850.0
2 13860.0
1 13875.999999999998
1 13879.999999999996
3 13881.999999999996
1 13884.0
0 13892.0
0 13896.000000000002
1 13897.600000000002
1 13908.000000000002
1 13909.6
2 13912.0
3 13928.0
0 13960.0
3 14027.0
1 14038.400000000001
2 14169.999999999996
3 14187.999999999998
2 14189.714285714284
1 14232.0
2 14234.0
0 14236.0
1 14245.714285714284
0 14246.857142857141
0 14257.714285714284
1 14276.0
1 14277.5
0 14278.857142857143
3 14288.0
1 14290.0
0 14292.0
3 14296.000000000002
0 14305.333333333332
2 14323.999999999996
3 14325.142857142855
0 14328.0
3 14329.333333333332
0 14332.0
2 14340.0
2 14344.0
3 14345.6
0 14348.0
2 14357.0
3 14374.0
3 14408.800000000001
1 14420.0
3 14475.0
3 14487.0
3 14504.0
0 14547.33333333333
0 14550.0
1 14552.0
0 14560.0
2 14563.999999999996
1 14565.714285714284
2 14568.0
3 14578.0
1 14595.999999999998
1 14597.714285714286
2 14599.999999999996
0 14602.0
0 14604.0
2 14612.0
1 14614.400000000001
0 14616.800000000003
0 14620.0
0 14622.0
2 14620.0
0 14624.0
0 14632.0
0 14636.0
2 14638.0
0 14640.0
1 14640.0
0 3.9999999999999987
1 5.428571428571427
1 15.999999999999995
0 17.428571428571427
2 20.000000000000004
1 21.538461538461544
1 24.0
0 32.333333333333336
1 49.33333333333333
1 53.090909090909086
1 56.00000000000001
2 64.33333333333333
2 67.99999999999999
1 69.33333333333333
0 80.0
0 81.33333333333334
2 100.00000000000001
1 133.0
2 144.0
1 145.53846153846155
0 148.0
0 149.33333333333331
1 151.99999999999997
2 160.36363636363637
1 177.0909090909091
2 181.0909090909091
0 183.99999999999994
1 192.36363636363632
0 195.99999999999997
1 197.45454545454544
1 207.27272727272725
0 225.0909090909091
3 227.99999999999994
0 260.3636363636363
3 328.0
2 336.33333333333337
0 340.00000000000006
3 341.33333333333326
0 344.0
1 353.0909090909091
1 372.0
0 373.3333333333333
0 376.0
1 377.4545454545455
0 380.0
1 388.00000000000006
1 390.4
1 393.3333333333333
0 394.66666666666663
0 396.0
3 404.0
0 422.0
1 425.5
0 437.33333333333337
3 440.0
0 441.7777777777777
1 444.0
0 452.5
2 488.0
1 495.9999999999999
2 514.6666666666666
2 517.2
3 520.0
2 521.3333333333333
0 524.0
3 525.5
1 536.0
1 552.0
0 588.0
1 653.3333333333334
3 779.9999999999998
3 792.0
0 794.0000000000001
0 796.0
3 806.2222222222223
0 825.1999999999999
0 836.0
1 837.4545454545455
3 840.0
0 848.3999999999999
0 852.0000000000001
3 853.2000000000002
1 868.4444444444445
1 879.1111111111113
2 881.6
1 917.3333333333331
2 918.4000000000001
0 928.0
1 945.5999999999999
1 949.3333333333335
0 952.0000000000002
1 953.6000000000001
0 963.9999999999999
0 965.1999999999998
0 976.0000000000001
1 977.6000000000001
1 980.0
3 981.3333333333335
0 984.0
3 993.5
2 1012.0
3 1044.888888888889
1 1112.0000000000002
0 1113.6000000000001
0 1116.0
1 1117.3333333333335
2 1120.0
1 1130.0
0 1132.0
3 1148.0
0 1156.5
1 1161.7777777777776
2 1164.0
1 1172.5
2 1176.0
1 1177.0
0 1180.0
1 1182.2857142857142
0 1191.9999999999998
1 1209.7142857142858
0 1243.4285714285713
0 1252.0
1 1255.0
0 1257.5
3 1277.7142857142858
0 1283.0
0 1285.7142857142856
1 1296.0
0 1298.0
0 1300.0
2 1301.7142857142858
3 1305.9999999999998
0 1308.0
1 1310.0
1 1320.0
0 1336.6666666666667
1 1370.0
0 1436.0
1 1565.7142857142856
3 1823.9999999999995
0 1835.0
1 1852.0000000000002
0 1855.9999999999998
1 1863.9999999999998
1 1875.9999999999995
0 1892.8000000000002
0 1927.9999999999998
3 1936.3636363636365
0 1940.0000000000005
1 1941.454545454546
1 1952.0000000000002
3 1968.3636363636367
0 1970.5454545454547
0 1973.090909090909
2 1976.0
3 1976.8000000000002
0 1980.0
3 1988.4444444444443
2 1991.9999999999995
3 1993.333333333333
1 2004.0000000000002
1 2005.3333333333335
2 2006.5
2 2009.5
0 2011.9999999999995
1 2021.7142857142856
1 2040.0
3 2080.0
2 2081.333333333333
1 2101.333333333333
0 2104.0
1 2105.3333333333335
2 2108.0
3 2116.0
2 2118.0
3 2121.714285714286
1 2184.6666666666665
2 2194.285714285714
0 2200.0
1 2209.0
1 2228.0000000000005
0 2261.333333333333
3 2272.0
0 2289.2000000000003
2 2292.0
1 2293.2
0 2296.0
3 2297.777777777778
1 2307.111111111111
0 2309.7777777777774
0 2312.0
1 2313.5
0 2314.8571428571427
2 2316.0
1 2324.0
0 2340.6666666666665
2 2378.285714285714
1 2444.5
0 2573.0
1 2584.0
2 2586.6666666666665
1 2597.3333333333326
2 2598.666666666666
3 2615.999999999999
0 2617.7777777777774
1 2628.0
3 2630.0
3 2632.5714285714284
3 2636.0
0 2637.5
1 2640.0
0 2648.5714285714284
1 2665.142857142857
0 2669.7142857142853
3 2679.9999999999995
0 2681.0
1 2684.0
0 2686.285714285714
0 2696.0
0 2698.285714285714
3 2707.9999999999995
2 2740.0
0 2757.714285714286
3 2760.0
1 2761.7142857142853
2 2773.714285714286
0 2788.0
1 2822.285714285714
3 2833.7142857142853
0 2898.5
0 2901.7777777777774
2 2913.3333333333335
1 2915.9999999999995
1 2917.333333333333
0 2920.0
3 2936.0
0 2944.5
1 2949.0
0 2952.0
1 2953.5
0 2954.8571428571427
2 2964.0
1 2966.285714285714
3 2984.0
0 3015.9999999999995
3 3020.0
0 3028.571428571428
2 3032.571428571428
2 3034.285714285714
2 3037.714285714286
1 3038.0
3 3049.333333333333
3 3060.0
2 3076.5714285714284
1 3080.0
0 3081.7142857142853
2 3084.0
1 3091.999999999999
3 3096.0
0 3096.6666666666665
0 3100.0
3 3101.6000000000004
1 3116.0
0 3118.0
0 3128.0
0 3130.0
3 3133.333333333333
2 3144.0
3 3163.0
0 3172.0000000000005
3 3173.6000000000004
1 3207.0
0 3208.0
3 3276.0
2 3404.0000000000005
1 3406.4
0 3409.6
3 3423.0
0 3432.0
2 3680.0
3 4200.8
3 4204.8
1 4220.0
0 4224.0
1 4241.999999999999
2 4260.0
1 4293.0
0 4297.5
1 4307.999999999999
0 4309.333333333333
0 4312.000000000001
0 4313.5
2 4324.0
1 4340.0
1 4344.0
0 4345.5
3 4375.999999999999
0 4378.857142857142
1 4445.714285714285
2 4457.5
1 4472.5
0 4476.0
3 4485.5
3 4488.5
0 4496.5
0 4514.0
1 4520.0
0 4521.333333333332
2 4524.0
1 4532.5
1 4534.5
1 4544.0
0 4546.0
0 4549.142857142857
1 4552.0
2 4552.571428571428
2 4555.999999999999
1 4566.0
1 4583.999999999999
1 4616.0
0 4617.714285714286
1 4620.0
2 4621.333333333333
2 4632.666666666667
1 4649.999999999999
3 4683.999999999999
3 4692.571428571428
3 4696.0
0 4698.285714285714
2 4708.0
1 4709.142857142857
1 4711.999999999999
2 4723.999999999999
1 4739.999999999999
1 4742.857142857142
2 4753.714285714285
3 4756.0
1 4757.714285714286
3 4767.999999999999
2 4769.142857142857
0 4772.0
0 4773.999999999999
3 4776.0
0 4786.400000000001
1 4788.0
0 4806.400000000001
1 4840.0
3 4903.999999999999
0 5034.666666666666
2 5044.0
3 5060.571428571428
0 5065.714285714285
1 5076.0
0 5077.5
0 5080.0
1 5081.714285714286
1 5084.0
0 5086.0
2 5095.999999999999
1 5097.333333333333
0 5100.0
1 5108.8
0 5125.0
1 5160.8
0 5224.666666666667
0 5236.666666666667
1 5240.0
3 5253.714285714285
0 5257.142857142857
1 5261.333333333333
2 5272.0
3 5288.0
2 5321.142857142857
2 5324.571428571428
3 5336.0
2 5344.5
3 5361.0
2 5365.5
1 5368.0
2 5377.0
0 5380.0
1 5381.5
1 5384.0
0 5385.714285714284
1 5388.0
2 5396.666666666666
1 5398.666666666666
1 5407.999999999999
0 5424.666666666666
1 5428.0
3 5460.0
0 5462.0
1 5528.800000000001
0 5532.0
3 5539.999999999999
0 5558.0
0 5564.0
1 5572.571428571428
0 5576.0
1 5577.142857142857
3 5587.999999999999
0 5590.285714285714
3 5600.0
0 5617.714285714284
3 5652.0
0 5653.0
0 5656.0
0 5658.285714285714
1 5667.999999999999
0 5685.714285714285
3 5696.0
0 5697.0
1 5700.0
0 5702.285714285714
0 5704.0
1 5712.0
0 5716.0
0 5718.0
2 5822.400000000001
3 6103.999999999999
3 6108.0
2 6110.0
0 6112.0
3 6113.599999999999
1 6124.0
0 6141.6
3 6176.0
0 6184.666666666664
0 6187.999999999999
1 6189.999999999999
1 6192.0
1 6200.8
2 6268.000000000001
2 6286.4000000000015
3 6296.0
0 6297.714285714286
2 6300.0
1 6309.999999999999
1 6326.0
1 6369.714285714284
0 6372.0
0 6374.0
2 6385.714285714285
3 6390.857142857142
2 6393.714285714285
1 6396.0
3 6397.999999999998
0 6400.0
1 6408.000000000001
2 6412.0
3 6414.4
2 6424.000000000001
1 6425.600000000001
3 6431.0
0 6440.0
3 6442.400000000001
1 6460.0
2 6492.0
1 6558.4
2 6705.999999999999
3 6708.0
2 6709.5
0 6712.0
3 6713.714285714286
1 6716.0
2 6732.0
1 6735.333333333332
0 6744.0
0 6756.0
1 6773.142857142857
1 6804.571428571428
1 6808.571428571428
2 6818.285714285714
2 6821.999999999998
3 6839.999999999999
0 6841.5
1 6843.999999999999
0 6852.0
0 6864.0
1 6865.5
1 6868.0
0 6869.714285714284
0 6871.333333333332
1 6874.4
2 6883.999999999999
1 6900.0
0 6931.999999999999
1 6934.0
0 6936.0
1 6946.4000000000015
2 6964.666666666666
0 6969.714285714285
1 6972.0
1 6974.0
0 6976.0
0 6985.600000000001
0 6987.999999999998
0 6989.6
0 7000.0
3 7016.0
0 7048.800000000001
1 7060.666666666666
2 7063.999999999999
3 7065.333333333332
0 7065.600000000001
2 7070.0
1 7136.0
0 7144.000000000001
1 7147.200000000001
1 7156.0
0 7174.400000000001
3 7183.999999999999
0 7185.333333333332
1 7188.000000000001
0 7190.4000000000015
1 7200.0
0 7201.6
2 7205.600000000001
1 7208.000000000001
1 7211.0
3 7220.0
2 7223.0
1 7224.0
2 7227.999999999999
1 7236.0
2 7256.0
1 7256.0
0 7256.0
3 7272.0
0 7308.0
3 7316.0
2 7380.0
3 7510.666666666666
1 7770.666666666666
0 8285.0
0 8296.0
1 8297.333333333332
1 8307.999999999998
2 8342.0
1 8376.0
0 8378.0
0 8381.142857142857
3 8392.0
0 8393.0
1 8393.714285714286
1 8396.666666666666
0 8408.0
0 8424.0
1 8436.0
2 8468.5
1 8533.0
1 8536.888888888887
2 8540.0
0 8548.0
0 8550.0
3 8551.999999999998
0 8554.285714285714
1 8564.57142857143
0 8584.0
0 8585.5
1 9608.571428571428
1 9620.571428571426
0 9624.0
3 9632.5
2 9652.0
1 9684.888888888889
2 9686.666666666668
2 9696.888888888887
2 9700.0
1 9701.333333333332
1 9712.0
3 9728.444444444445
2 9730.222222222223
0 9732.0
1 9736.0
0 9737.5
2 9737.714285714284
0 9749.142857142855
1 9752.0
1 9753.714285714286
2 9768.0
0 9774.400000000001
3 9808.0
0 9815.999999999998
1 9880.571428571428
2 10008.0
1 10012.571428571426
0 10020.571428571428
1 10032.5
0 10048.0
1 10052.5
2 10056.444444444443
3 10057.5
1 10061.5
1 10072.0
2 10088.0
1 10092.0
2 10093.5
3 10102.857142857141
0 10105.5
1 10108.0
0 10109.142857142855
2 10116.0
1 10119.333333333332
1 10122.400000000001
0 10133.333333333332
1 10150.666666666666
0 10152.0
1 10154.0
0 10156.800000000001
0 10168.0
1 10193.333333333332
1 10228.0
2 10229.5
3 10260.0
0 10327.999999999998
1 10330.0
3 10340.5
3 10358.0
0 10361.777777777777
2 10372.0
3 10373.777777777777
0 10376.0
0 10377.5
1 10377.714285714284
3 10381.714285714286
2 10383.999999999998
3 10392.666666666666
2 10408.666666666664
1 10412.0
2 10414.0
0 10416.000000000002
3 10426.4
0 10430.0
1 10440.0
0 10441.999999999998
2 10444.0
1 10452.0
0 10454.400000000001
0 10456.000000000002
2 10456.0
0 10458.666666666666
2 10469.333333333332
2 10485.333333333332
1 10518.666666666666
1 10524.0
0 10533.0
1 10550.0
1 10587.0
0 10588.0
2 10599.2
1 10608.666666666666
0 10611.999999999998
1 10614.0
0 10616.000000000002
3 10628.0
0 10634.400000000001
3 10636.0
3 10646.0
0 10663.0
0 10667.0
1 10668.0
2 10670.0
0 10681.0
3 10684.0
2 10692.0
3 10693.0
1 10696.0
0 10700.0
0 10700.0
0 10704.0
0 10712.0
0 10716.0
0 10716.0
2 10732.0
1 10736.0
0 10748.0
0 10748.0
2 10748.0
0 3.9999999999999987
1 5.428571428571427
2 7.999999999999998
3 16.307692307692307
0 20.000000000000004
1 21.230769230769237
2 24.0
0 25.090909090909086
1 36.0
1 53.00000000000001
1 56.00000000000001
2 64.33333333333333
2 67.99999999999999
1 69.33333333333331
1 70.54545454545455
2 81.09090909090912
1 98.18181818181819
1 132.0
0 134.33333333333331
0 137.0909090909091
1 145.81818181818184
0 148.4
1 151.99999999999997
0 153.45454545454544
2 164.00000000000003
1 180.00000000000003
0 183.99999999999994
3 191.99999999999994
0 195.99999999999997
3 197.45454545454547
1 200.0
2 208.80000000000004
3 211.99999999999994
0 228.00000000000006
3 261.6
0 265.20000000000005
2 332.0
3 340.7272727272728
1 351.99999999999994
1 353.66666666666663
0 356.00000000000006
1 357.81818181818187
3 370.4
0 375.20000000000005
3 385.20000000000005
3 389.20000000000005
0 391.99999999999994
3 393.6
2 404.0
3 405.20000000000005
0 407.9999999999999
3 409.7777777777777
1 420.00000000000006
1 436.00000000000006
0 469.77777777777777
0 473.33333333333337
1 476.0000000000001
0 477.3333333333333
2 477.5
0 489.5
1 508.00000000000006
0 516.4444444444443
1 520.0
0 521.3333333333333
2 524.0
0 532.5
0 536.0
1 537.5
3 548.0
0 565.5
0 608.0
1 609.2
0 610.6666666666666
3 675.9999999999999
2 678.2222222222222
0 808.0
3 811.111111111111
2 836.4444444444445
3 840.0
0 848.3999999999999
1 860.7999999999998
0 866.3999999999999
2 901.7777777777778
2 905.3333333333334
1 915.9999999999999
1 917.8181818181818
0 920.0
1 928.8
0 932.0000000000002
2 948.4000000000001
1 952.0000000000002
0 960.4
0 963.9999999999999
1 965.5999999999999
0 976.0000000000001
0 992.4000000000002
0 996.0000000000001
3 1021.5999999999999
0 1030.4
3 1033.6000000000001
0 1036.0
1 1092.8888888888887
0 1102.6666666666665
1 1112.8888888888887
1 1116.0
2 1124.888888888889
1 1144.0
1 1145.6000000000004
0 1148.0
3 1155.9999999999998
0 1158.6666666666667
3 1161.0
1 1164.0
3 1173.0
2 1176.0
1 1184.0
2 1201.0
1 1205.5
0 1208.0
2 1210.0
0 1212.0
3 1220.5714285714284
0 1222.2857142857142
2 1240.0
1 1275.9999999999998
0 1284.0
0 1296.0
3 1312.0000000000002
0 1315.9999999999998
1 1316.8888888888887
2 1349.0
1 1360.4444444444443
1 1420.888888888889
2 1429.1999999999998
0 1559.9999999999995
1 1568.8
1 1572.0000000000002
0 1573.6
0 1576.0
1 1584.8888888888887
3 1603.5555555555554
0 1860.4
3 1862.4
2 1864.4444444444443
3 1872.4444444444443
0 1876.8888888888885
1 1880.0
2 1888.888888888889
0 1907.9999999999998
1 1941.2
0 1944.0000000000005
1 1953.2000000000005
1 1956.0
2 1972.4000000000003
1 1974.4
2 1977.1999999999998
3 1980.0
0 1981.3333333333333
1 1981.5
3 1993.5
2 1996.0
1 2004.5
2 2006.0
3 2009.1428571428569
0 2019.9999999999995
1 2021.5
2 2036.5714285714284
3 2039.9999999999995
0 2049.142857142857
0 2080.5714285714284
3 2150.285714285714
2 2153.7777777777783
1 2163.9999999999995
2 2180.8888888888887
0 2184.0
1 2185.777777777778
0 2188.0
2 2196.0
3 2212.0
3 2224.0
2 2228.0000000000005
3 2229.3333333333335
1 2232.0
2 2241.0
2 2242.5
2 2245.5
0 2248.0
1 2249.714285714286
2 2280.0
3 2304.6666666666665
0 2310.0
2 2314.0
0 2316.0
1 2317.714285714286
3 2319.9999999999995
0 2329.9999999999995
1 2343.9999999999995
0 2379.333333333333
3 2446.0
0 2584.5
1 2596.0
0 2597.2
0 2600.0
1 2601.7777777777774
3 2612.0
0 2628.4444444444443
1 2631.9999999999995
0 2633.7777777777774
1 2636.0
0 2644.5
0 2661.0
3 2672.5
0 2676.0
1 2677.3333333333335
1 2687.999999999999
2 2703.9999999999995
1 2736.8888888888887
2 2740.444444444444
3 2743.9999999999995
0 2753.3333333333335
0 2755.9999999999995
0 2757.333333333333
0 2758.5
1 2769.0
0 2772.0
1 2774.0
0 2775.9999999999995
3 2784.0
0 2801.142857142857
0 2833.7142857142853
1 2837.714285714286
0 2840.0
1 2852.0
0 2868.5
3 2920.0
2 2936.0
1 2938.0
3 2940.5714285714284
0 2943.9999999999995
3 2953.714285714286
1 2956.0
2 2957.7142857142853
0 2960.0
1 2970.0
1 2986.6666666666665
1 2988.0
2 2997.3333333333335
1 3000.0
0 3003.333333333333
1 3013.9999999999995
2 3015.9999999999995
3 3048.0
0 3063.9999999999995
1 3066.6666666666665
2 3068.0
1 3077.6000000000004
3 3084.0000000000005
0 3091.999999999999
0 3108.0
3 3122.0
2 3124.0
1 3125.142857142857
0 3127.999999999999
1 3129.333333333333
2 3129.6
0 3134.0
1 3144.0000000000005
1 3146.4
0 3148.0
1 3151.0
0 3160.0
1 3177.0
3 3212.0
2 3220.0
3 3286.4000000000005
0 3303.9999999999995
1 3313.9999999999995
2 3475.9999999999995
1 3477.5
0 3479.999999999999
1 3490.2857142857138
1 3493.9999999999995
0 3496.0
2 3496.0
3 3498.0
0 3498.3999999999996
2 3510.4
3 3530.0
0 3531.9999999999995
2 3534.3999999999996
1 3544.0000000000005
0 3799.999999999999
3 3802.0
1 4316.0
0 4317.333333333333
1 4319.2
1 4329.6
2 4357.333333333333
2 4408.0
1 4409.333333333333
0 4412.0
1 4420.5
0 4424.0
1 4425.0
1 4428.0
3 4436.0
0 4438.857142857143
2 4504.0
3 4505.714285714286
1 4508.666666666666
0 4516.666666666666
2 4520.0
1 4521.333333333332
3 4540.0
0 4574.666666666666
0 4576.0
3 4586.666666666667
3 4590.0
2 4591.999999999999
1 4602.0
1 4619.333333333333
0 4627.999999999999
1 4629.714285714285
2 4631.333333333333
1 4634.0
0 4636.0
1 4639.2
2 4646.0
1 4650.4
2 4654.0
1 4664.0
1 4680.8
1 4692.0
3 4740.0
0 4804.571428571428
0 4936.571428571428
1 4938.0
2 4939.999999999999
3 4950.285714285715
1 4960.0
0 4976.5
1 4980.0
2 4982.5
3 4984.571428571428
3 4987.999999999999
2 4996.5714285714275
0 5000.0
1 5008.571428571429
0 5026.285714285714
0 5058.285714285714
2 5064.0
1 5073.0
1 5076.0
0 5078.0
0 5088.0
1 5105.5
0 5140.000000000001
1 5141.333333333334
2 5144.0
1 5146.0
0 5148.0
3 5204.0
0 5219.999999999999
3 5222.857142857143
0 5225.142857142857
1 5236.0
2 5253.142857142857
2 5256.0
1 5258.857142857142
2 5261.142857142857
3 5268.0
0 5286.0
0 5321.714285714285
1 5333.5
0 5335.999999999999
3 5337.5
1 5340.0
0 5341.714285714286
3 5342.0
1 5353.333333333333
0 5371.999999999999
3 5380.0
0 5383.999999999999
0 5385.714285714285
1 5388.0
0 5396.666666666666
2 5400.0
1 5402.0
1 5403.2
1 5412.0
0 5414.400000000001
1 5416.0
2 5426.0
3 5444.0
0 5447.200000000001
3 5449.600000000001
0 5452.0
3 5454.0
0 5456.0
1 5464.0
0 5466.666666666666
3 5477.333333333333
3 5493.333333333333
0 5528.0
0 5532.0
1 5540.0
0 5557.0
0 5592.0
1 5656.799999999999
2 5788.000000000001
3 5798.0
3 5802.285714285714
0 5811.999999999998
3 5814.285714285715
1 6072.0
2 6080.571428571428
2 6098.285714285715
0 6100.0
3 6101.714285714286
0 6104.666666666666
1 6108.0
3 6120.8
2 6124.8
2 6128.0
3 6137.599999999999
1 6148.666666666665
0 6184.000000000001
1 6200.5714285714275
1 6204.0
0 6212.571428571428
2 6216.0
3 6223.999999999999
2 6241.714285714285
2 6245.714285714285
1 6248.0
3 6256.5714285714275
0 6259.999999999998
3 6261.142857142857
1 6264.0
0 6265.333333333332
2 6268.000000000001
1 6270.4
0 6272.0
1 6272.0
0 6276.0
0 6284.0
1 6300.0
2 6312.0
1 6313.0
0 6315.999999999999
1 6320.0
0 6327.999999999999
1 6332.0
0 6332.0
2 6332.0
0 6336.0
2 6348.0
2 6364.0
1 6398.0
0 6471.999999999999
0 6491.0
1 6524.800000000001
0 6528.000000000001
3 6536.0
2 6537.599999999999
0 6540.0
3 6550.0
1 6562.400000000001
0 6564.0
0 6565.600000000001
3 6580.0
0 6584.0
0 6586.0
1 6590.666666666666
0 6600.0
0 6608.0
1 6610.0
0 6612.0
0 6614.666666666666
0 6616.0
0 6626.0
0 6644.0
2 6675.999999999999
1 6680.0
2 6689.333333333333
3 6752.0
2 6756.0
0 6758.666666666666
1 6762.666666666666
1 6764.0
3 6772.0
2 6808.0
3 6840.0
0 6852.0
3 6916.8
2 7048.000000000001
1 7057.333333333333
2 7060.571428571428
2 7062.666666666666
0 7071.999999999998
3 7089.999999999999
3 7120.666666666665
2 7125.999999999999
2 7130.0
1 7137.999999999999
3 7157.714285714284
0 7160.0
3 7161.714285714285
0 7164.0
0 7166.0
0 7176.0
3 7177.333333333332
1 7188.0
0 7189.999999999998
0 7200.0
1 7201.333333333332
3 7204.000000000001
0 7206.400000000001
0 7208.000000000001
0 7210.0
0 7220.0
0 7236.0
0 7240.0
1 7242.0
2 7242.666666666666
0 7246.666666666666
3 7248.0
0 7258.0
1 7260.0
0 7262.0
0 7264.0
2 7264.0
0 3.9999999999999987
0 5.428571428571427
2 7.999999999999998
3 16.307692307692307
0 20.000000000000004
1 21.538461538461544
0 24.0
1 33.0
1 52.0
0 53.53846153846154
3 63.999999999999986
0 65.23076923076921
1 67.99999999999999
0 69.66666666666666
0 72.0
2 80.36363636363639
1 84.0
2 85.45454545454547
1 88.0
0 96.0
3 112.80000000000001
2 146.00000000000003
1 149.77777777777777
1 152.5
0 154.0
0 164.80000000000004
2 180.0
3 182.80000000000004
0 185.33333333333331
1 195.1111111111111
0 200.0
1 201.20000000000002
1 212.0
3 213.20000000000002
2 228.44444444444446
2 231.99999999999997
1 233.77777777777777
2 237.33333333333334
3 272.0
0 344.0
0 355.99999999999994
3 372.7272727272727
0 376.0
1 383.9999999999999
0 386.5454545454545
0 389.20000000000005
1 391.99999999999994
3 393.20000000000005
1 396.0
2 404.0
1 423.9999999999999
2 456.4000000000001
1 465.6
1 469.20000000000005
0 471.99999999999994
1 473.6
1 476.0000000000001
1 477.3333333333333
1 488.0
2 504.44444444444446
1 506.2222222222223
1 516.8888888888888
1 518.2222222222222
3 520.0
2 522.0
1 524.0
0 532.0
1 550.2857142857142
3 585.5
2 589.5
0 590.0
1 601.7142857142856
0 610.5
3 668.5714285714286
0 677.5
1 681.7777777777777
2 696.0
1 698.5
0 702.0
3 829.7142857142856
2 833.7142857142857
1 844.0
0 853.0
1 870.0
1 873.5
2 885.5
3 887.9999999999998
2 896.4444444444443
2 913.7777777777777
3 948.8888888888889
0 952.0000000000002
1 961.1999999999999
1 962.4
1 964.8000000000001
2 966.6666666666665
2 969.7777777777777
3 980.0000000000001
2 996.8888888888887
2 998.6666666666665
3 1033.0
0 1099.9999999999998
1 1109.2
1 1112.0000000000002
0 1113.6000000000001
2 1120.4444444444443
3 1125.3333333333335
0 1128.0
3 1129.3333333333335
3 1139.9999999999998
0 1141.7777777777776
0 1144.0
1 1160.0
3 1169.5
1 1188.0
2 1222.2222222222222
0 1224.0
2 1227.111111111111
2 1229.5
3 1240.0
2 1248.4444444444443
3 1265.3333333333333
3 1268.888888888889
0 1280.0
3 1281.6000000000001
1 1281.7777777777778
2 1285.7777777777778
1 1288.0
1 1289.5
1 1300.0
2 1301.5
0 1303.9999999999998
3 1305.7142857142858
1 1316.0
0 1317.7142857142858
1 1319.3333333333333
0 1322.0
1 1324.0
2 1324.0
0 1326.0
3 1336.0
0 1337.0
1 1340.0
3 1349.3333333333333
2 1369.0
2 1403.0
1 1470.4000000000003
0 1480.0
1 1498.0
0 1627.9999999999995
1 1885.7142857142858
1 1886.857142857143
1 1896.0
0 1916.0000000000002
1 1925.0
0 1944.0
1 1976.8888888888891
3 1988.0
0 1989.2
2 1991.9999999999995
3 2000.8888888888887
3 2017.7777777777774
0 2020.8888888888885
1 2024.0
3 2057.5
0 2060.0
3 2068.8888888888887
3 2070.6666666666665
0 2080.4444444444443
0 2084.0
2 2140.0
3 2152.0
2 2153.777777777778
1 2163.9999999999995
2 2180.4444444444443
1 2182.666666666667
3 2192.0000000000005
2 2208.8888888888887
2 2241.3333333333335
1 2245.6
3 2249.333333333333
0 2260.0
3 2261.2000000000003
1 2264.0000000000005
0 2265.777777777778
0 2268.0
0 2269.5
1 2271.9999999999995
0 2280.571428571429
1 2298.285714285714
1 2299.9999999999995
1 2312.0
0 2313.5
2 2316.0
1 2324.5714285714284
0 2327.9999999999995
1 2329.7142857142853
3 2343.9999999999995
0 2377.333333333333
2 2445.7142857142853
1 2456.0
2 2460.0
0 2461.5
2 2592.0
1 2601.5
3 2612.0
0 2628.4444444444443
0 2632.0
1 2633.3333333333326
0 2635.0
1 2645.5
0 2664.0
1 2665.333333333333
2 2696.0
2 2708.0
1 2709.7777777777774
0 2713.5
1 2722.5
3 2724.0
1 2726.5
3 2744.0
2 2752.5
0 2757.333333333333
1 2760.0
0 2762.0
1 2772.0
0 2773.0
3 2775.9999999999995
0 2784.5714285714284
0 2788.0
1 2790.285714285714
3 2800.0
0 2818.285714285714
1 2852.0
0 2853.5
3 2919.999999999999
0 2929.5
3 2948.0
0 2949.333333333334
1 2952.0
3 2953.142857142857
0 2962.2857142857138
0 2981.714285714286
3 3016.0
0 3024.4444444444443
1 3027.9999999999995
0 3029.3333333333326
3 3032.0
1 3040.0
0 3060.0
1 3061.7777777777774
3 3064.0
0 3073.5
0 3076.0
1 3077.5
3 3080.0
0 3088.5714285714284
3 3105.1428571428573
0 3141.5
3 3208.0
0 3344.444444444445
3 3602.0000000000005
3 4115.2
3 4118.545454545455
3 4129.09090909091
0 4146.181818181818
3 4148.727272727273
3 4159.999999999999
0 4161.333333333333
0 4164.0
0 4165.454545454546
1 4175.999999999999
0 4192.0
1 4225.454545454546
0 4229.09090909091
3 4240.000000000001
0 4241.666666666666
1 4244.000000000001
0 4245.454545454546
3 4245.6
1 4257.2
0 4258.4
3 4276.444444444445
0 4280.0
3 4288.400000000001
0 4291.999999999999
1 4293.6
1 4296.0
0 4304.888888888889
1 4308.0
1 4309.5
3 4327.999999999999
0 4368.444444444444
0 4372.0
0 4373.714285714285
1 4384.0
0 4400.4
2 4404.0
1 4405.200000000001
0 4408.000000000001
3 4416.444444444443
2 4420.000000000001
3 4421.333333333334
0 4424.0
1 4488.0
2 4489.5
3 4493.142857142857
0 4504.0
3 4520.5
0 4553.5
3 4565.0
1 4568.0
0 4577.333333333333
2 4579.999999999999
1 4581.777777777777
1 4584.0
0 4585.5
2 4596.0
1 4597.5
0 4624.0
1 4625.333333333334
3 4628.0
0 4645.5
1 4648.0
3 4676.571428571428
0 4745.5
1 4877.5
2 4888.000000000001
3 4897.200000000001
1 4916.0
0 4917.454545454546
0 4920.000000000001
3 4920.799999999999
0 4931.999999999999
3 4933.600000000001
1 4936.0
0 4945.333333333332
2 4947.999999999999
1 4949.333333333333
3 4952.0
0 4953.5
1 4968.571428571428
0 5001.142857142857
2 5004.571428571428
3 5016.5
1 5020.0
2 5029.0
2 5046.0
2 5049.5
3 5060.0
2 5061.333333333332
1 5064.0
0 5072.5
1 5074.5
2 5077.5
0 5079.999999999999
3 5096.0
0 5097.714285714286
2 5102.0
1 5136.0
0 5208.0
1 5209.5
2 5213.142857142857
3 5224.0
0 5225.5
1 5240.571428571428
2 5243.999999999999
3 5254.857142857143
3 5257.5
1 5268.0
2 5269.5
0 5271.999999999999
3 5281.142857142857
1 5300.0
2 5301.5
0 5303.999999999999
1 5305.714285714284
0 5316.0
1 5317.714285714286
2 5335.999999999999
1 5377.714285714286
3 5380.0
0 5381.5
2 5383.999999999999
1 5385.714285714285
0 5386.0
2 5397.999999999999
1 5400.0
0 5402.0
2 5404.0
1 5405.6
2 5408.0
1 5416.0
2 5428.0
1 5444.0
0 5448.000000000001
1 5448.800000000001
0 5452.0
1 5456.0
2 5464.0
1 5467.0
0 5468.0
3 5478.666666666666
1 5470.0
2 5472.0
1 5472.0
0 3.9999999999999987
1 5.428571428571427
0 7.999999999999998
1 16.923076923076923
1 20.000000000000004
0 21.538461538461544
0 24.0
3 32.333333333333336
0 49.33333333333333
0 53.090909090909086
1 63.999999999999986
2 65.23076923076924
0 68.00000000000001
1 69.66666666666666
3 72.0
0 81.0909090909091
1 84.0
0 85.45454545454547
2 87.99999999999999
1 97.19999999999999
2 114.80000000000004
0 117.45454545454545
1 149.60000000000002
0 160.00000000000006
1 180.00000000000003
2 181.33333333333334
0 183.99999999999994
2 185.45454545454544
3 195.99999999999997
0 197.09090909090907
3 198.39999999999998
1 200.44444444444449
0 209.33333333333331
0 213.77777777777774
1 216.0
0 225.33333333333334
0 242.22222222222223
2 244.0
0 246.2222222222222
2 280.0
1 344.0
3 348.0
0 350.66666666666663
1 352.0
0 363.0
1 372.8888888888888
0 390.6666666666666
1 393.59999999999997
0 396.0
3 404.4444444444444
0 406.2222222222222
1 409.0
2 420.0
1 436.4444444444445
0 468.0
1 470.2222222222223
2 473.5
1 485.3333333333333
2 504.0
1 505.20000000000005
0 508.00000000000006
1 516.4444444444443
2 528.0
1 529.2
0 544.4444444444445
1 547.1111111111112
0 549.7777777777777
3 553.5
2 588.0
3 652.4444444444445
2 789.3333333333333
3 793.2000000000002
0 803.9999999999999
3 819.9999999999999
3 823.9999999999998
2 832.3636363636364
2 836.0000000000001
3 837.4545454545455
0 840.0
3 849.2
0 850.4000000000001
3 853.6000000000001
2 872.0000000000001
3 880.8
0 883.9999999999999
2 885.6
0 887.9999999999998
3 889.7777777777776
1 892.0
0 900.5
1 917.5
1 951.5
1 961.7777777777776
0 964.8888888888888
0 967.9999999999999
3 976.4444444444445
2 995.9999999999998
3 1028.8
0 1096.0
3 1097.4545454545455
1 1108.0
0 1109.4545454545455
1 1112.0000000000002
0 1121.1999999999998
0 1138.4
0 1141.0909090909092
2 1144.0
3 1152.8000000000002
0 1156.0
0 1157.2
0 1158.6666666666665
0 1161.7777777777776
2 1171.9999999999998
3 1173.3333333333335
0 1173.5
2 1185.0
1 1204.0
2 1235.9999999999995
1 1238.6666666666665
2 1241.5
3 1244.0
0 1245.5
1 1255.9999999999998
0 1273.5
1 1276.0000000000002
1 1277.5
0 1280.0
0 1289.142857142857
0 1292.0
3 1300.0
0 1317.1428571428569
3 1320.5714285714284
2 1332.0
1 1333.5
3 1364.0
2 1366.8571428571427
3 1370.857142857143
0 1380.0
1 1382.0
0 1384.5714285714284
2 1468.0
3 1596.0
0 1604.0
0 1608.0
1 1611.0
2 1876.0
3 1877.333333333333
2 1881.5
3 1883.0
3 1893.5
2 1919.9999999999995
1 1952.0000000000002
0 1972.0000000000002
1 1972.7272727272727
2 1973.6000000000001
0 1977.3333333333335
1 1987.9999999999998
1 1989.6000000000001
0 1992.0000000000002
1 1993.7777777777774
0 1996.0
1 1997.5
2 2008.0
3 2016.0
2 2033.5
1 2068.8888888888887
1 2070.222222222222
1 2080.8888888888887
3 2099.9999999999995
0 2101.6000000000004
1 2104.0000000000005
0 2105.3333333333335
2 2108.0
1 2117.0
1 2118.0
0 2128.5
3 2192.0
2 2210.0
1 2213.777777777778
0 2249.3333333333335
1 2252.0
2 2260.8888888888887
1 2262.222222222222
0 2265.0
1 2268.0
2 2276.5
2 2280.0
1 2282.0
0 2284.0
1 2292.5714285714284
3 2296.0
2 2312.0
2 2316.0
1 2324.5714285714284
2 2326.8571428571427
1 2329.7142857142853
3 2340.0
2 2357.714285714286
1 2360.0
0 2361.714285714286
2 2364.0
3 2372.6666666666665
2 2374.6666666666665
1 2376.8
0 2379.9999999999995
3 2381.6
1 2392.0
2 2408.0
3 2440.0
2 2508.0
3 2509.333333333333
1 2520.0
0 2538.6666666666665
3 2548.0
0 2676.0
0 2688.0
1 2721.5
0 2725.5
1 2728.0
0 2729.5
2 2729.7142857142853
0 2741.142857142857
3 2744.0
2 2760.0
0 2772.0
1 2773.5
2 2785.714285714286
1 2822.285714285714
0 2889.7142857142853
1 2899.0
1 2902.2222222222217
3 2912.0000000000005
2 2914.222222222222
3 2917.5
0 2920.0
0 2921.5
2 2924.0
0 2932.571428571428
1 2952.0
1 2953.5
2 2959.9999999999995
1 2962.857142857143
0 2966.8571428571427
3 2984.0
0 2985.7142857142853
1 2989.9999999999995
2 3020.0
1 3023.333333333333
0 3035.333333333333
0 3037.1428571428573
1 3039.9999999999995
2 3048.0
3 3063.9999999999995
2 3067.3333333333335
1 3077.999999999999
0 3079.999999999999
1 3087.9999999999995
1 3091.999999999999
0 3093.333333333333
2 3096.0
3 3114.4
2 3147.2000000000003
0 3211.999999999999
0 3223.999999999999
1 3225.7142857142853
2 3352.666666666666
0 3357.6000000000004
1 3624.5714285714284
3 4140.0
0 4149.333333333333
0 4166.222222222222
2 4168.000000000001
0 4172.0
1 4181.333333333333
1 4208.000000000001
0 4240.363636363636
0 4244.0
1 4245.454545454546
3 4248.000000000001
0 4257.2
0 4258.4
0 4261.6
1 4264.0
0 4265.777777777777
2 4276.000000000001
1 4277.333333333334
0 4280.0
3 4296.0
0 4299.0
0 4309.5
1 4325.5
0 4329.5
0 4332.0
3 4333.5
1 4344.0
0 4353.5
1 4356.0
0 4357.5
1 4368.0
1 4384.5
0 4417.0
0 4421.777777777778
1 4424.0
0 4433.0
0 4436.0
3 4452.5
0 4487.999999999999
3 4552.888888888889
3 4561.777777777778
0 4564.444444444445
0 4568.0
1 4569.333333333333
2 4572.0
1 4580.0
0 4584.0
3 4600.0
0 4603.0
0 4605.5
2 4616.0
1 4617.5
3 4620.0
0 4627.999999999999
0 4632.0
3 4633.714285714285
1 4636.0
0 4644.666666666666
2 4660.0
1 4662.666666666666
0 4666.666666666666
1 4670.400000000001
2 4680.0
1 4682.0
1 4692.0
2 4694.0
0 4696.0
2 4698.4
1 4700.0
1 4702.0
1 4712.0
1 4728.0
2 4762.0
0 4828.0
1 4830.4
0 4834.0
1 4844.0
0 4861.6
1 4896.0
0 5032.0
1 5034.857142857143
1 5045.714285714285
2 5060.0
0 5065.333333333333
3 5068.0
0 5077.714285714284
0 5088.0
3 5089.5
0 5092.0
1 5093.714285714286
0 5095.333333333332
2 5112.0
1 5155.999999999999
0 5221.0
2 5224.0
0 5232.5
2 5236.0
1 5237.5
3 5240.0
0 5241.714285714285
1 5256.0
1 5260.0
2 5270.0
3 5272.0
0 5274.666666666667
0 5284.0
3 5302.0
3 5337.714285714284
0 5338.857142857143
0 5340.0
2 5352.0
3 5353.714285714285
0 5355.999999999999
3 5357.333333333334
0 5368.0
3 5386.0
3 5386.666666666666
3 5389.333333333333
1 5392.0
0 5400.0
0 5418.4
3 5422.0
1 5431.999999999999
0 5433.333333333333
0 5436.0
2 5436.0
0 5437.0
1 5440.0
0 5452.0
1 5460.0
2 5478.0
2 5511.0
0 5520.8
1 5521.6
2 5526.0
3 5528.800000000001
0 5532.0
0 5535.0
2 5536.0
3 5548.0
0 5564.0
3 5597.0
0 5661.0
3 5666.0
2 5804.0
3 6061.333333333333
1 6085.333333333333
0 6096.5
1 6113.5
2 6116.0
1 6120.0
2 6121.5
1 6132.0
2 6133.5
2 6134.857142857142
0 6136.0
2 6147.333333333332
1 6149.714285714284
0 6163.999999999999
3 6197.999999999999
3 6264.0
0 6272.571428571428
0 6276.571428571428
0 6278.285714285714
0 6281.714285714284
2 6292.571428571428
2 6308.5714285714275
3 6313.142857142856
0 6315.999999999998
1 6348.0
3 6349.333333333333
0 6351.333333333332
0 6354.400000000001
1 6365.999999999999
2 6375.999999999998
0 6384.666666666666
3 6388.0
0 6389.714285714285
2 6391.999999999999
1 6393.999999999999
1 6396.0
0 6398.4
2 6408.000000000001
1 6425.600000000001
3 6428.000000000001
0 6436.0
1 6452.0
0 6454.400000000001
0 6456.0
2 6488.0
3 6492.0
2 6500.0
1 6501.0
3 6505.0
1 6508.0
0 6512.0
0 6519.999999999999
1 6524.0
2 6531.999999999999
1 6536.0
0 6536.0
2 6536.0
0 6540.0
2 6552.0
2 6568.0
1 6570.0
0 6580.0
0 6596.0
0 6600.0
3 6608.0
0 6608.0
3 6624.0
0 6632.0
3 6636.0
2 6644.0
1 6662.0
0 6664.0
2 6674.0
0 6677.333333333333
0 6680.0
1 6682.0
0 6684.0
1 6688.0
3 6696.0
0 6712.0
0 6716.0
0 6716.0
0 3.9999999999999987
1 5.428571428571427
2 7.999999999999998
3 16.923076923076923
0 20.000000000000004
1 21.538461538461544
1 24.0
0 33.0
0 52.0
1 53.53846153846154
2 63.999999999999986
1 65.53846153846153
0 67.99999999999999
1 69.66666666666666
3 80.0
0 96.33333333333333
0 132.0
1 133.23076923076925
2 135.99999999999997
1 145.0
1 148.00000000000003
2 149.33333333333334
3 151.99999999999997
0 161.09090909090912
2 180.00000000000003
1 181.33333333333334
1 184.0
0 185.45454545454544
2 188.00000000000003
1 196.39999999999998
1 198.0
2 201.33333333333334
3 203.99999999999994
0 212.4444444444444
0 216.0
3 217.33333333333337
1 220.0
0 221.5
2 224.0
1 233.71428571428572
0 252.0
1 285.0
2 352.0
3 360.44444444444446
2 377.3333333333333
1 378.6666666666667
3 381.5
0 392.0
1 394.2222222222222
1 397.33333333333337
2 404.5
1 408.0
3 424.57142857142856
0 467.0
0 471.99999999999994
1 480.4
0 484.0
1 485.6
2 488.0
1 496.88888888888874
2 514.2222222222222
0 515.9999999999999
3 518.2222222222222
0 521.5
0 524.0
3 525.5
2 525.7142857142857
0 527.3333333333333
1 538.0
2 564.0
1 598.0
0 664.0
3 801.3333333333335
1 818.4
2 822.5454545454544
1 825.4545454545453
0 825.6
2 829.3333333333334
1 838.2222222222224
3 840.0000000000001
2 849.3333333333331
3 869.3333333333334
2 900.8
1 904.3999999999999
0 912.0000000000002
1 917.2
0 920.0
1 921.6
1 931.2000000000002
0 948.3999999999999
0 950.4000000000001
1 953.2000000000002
2 955.9999999999998
3 964.8888888888888
3 968.0
0 969.3333333333333
3 971.0
3 973.7142857142858
1 980.0
3 985.7142857142857
0 1004.0
0 1036.5
2 1112.0
1 1113.6000000000001
3 1124.0
2 1141.2
3 1152.0
0 1153.4545454545455
1 1156.0
3 1157.6000000000001
1 1160.0
0 1161.3333333333333
2 1164.0
0 1165.5
2 1176.0
1 1193.5
0 1196.0
1 1197.5
3 1199.9999999999998
1 1208.5714285714284
0 1212.0
1 1213.7142857142858
3 1224.0
0 1240.5714285714284
3 1274.2857142857142
0 1285.5
1 1288.0
1 1289.5
0 1300.0
1 1301.5
1 1304.0
0 1305.7142857142856
3 1316.0
2 1332.5714285714284
1 1367.9999999999998
2 1370.0
1 1372.0
3 1380.0
2 1382.857142857143
0 1437.3333333333333
1 1456.0
3 1579.9999999999998
2 1837.7142857142856
0 1854.0
1 1864.0
2 1872.5
1 1891.9999999999998
1 1894.2222222222224
0 1897.5
3 1901.5
0 1904.0000000000005
1 1912.0
2 1920.0
1 1923.0
1 1926.0
0 1927.9999999999995
3 1937.1428571428567
1 1938.2857142857142
3 1952.6666666666665
2 1986.6666666666663
1 1995.9999999999998
0 1997.5
2 2000.0000000000002
1 2008.5714285714284
1 2024.5714285714284
1 2037.5
2 2069.0
1 2137.333333333333
0 2148.0
1 2149.2
3 2152.0
0 2153.777777777778
1 2156.0000000000005
0 2157.5
2 2159.9999999999995
1 2169.714285714286
1 2188.0
0 2212.5
0 2215.9999999999995
2 2224.571428571429
1 2226.666666666666
1 2229.777777777778
0 2232.0
0 2233.5
2 2233.7142857142853
0 2237.333333333333
1 2248.0
0 2249.714285714286
0 2252.0
2 2268.0
3 2300.0
1 2304.0
2 2316.0
1 2325.7142857142853
0 2327.9999999999995
2 2337.1428571428573
1 2354.8571428571427
1 2389.5
3 2399.999999999999
2 2464.0
3 2593.7777777777774
2 2597.3333333333326
1 2599.9999999999995
2 2601.777777777778
0 2604.0
3 2620.0
3 2624.0
2 2632.0
1 2636.0
0 2637.5
2 2637.7142857142853
2 2648.0
1 2649.7142857142853
0 2651.333333333333
2 2670.3999999999996
1 2712.5714285714284
2 2724.0
1 2725.333333333333
2 2726.5
0 2728.0
0 2732.0
1 2733.714285714286
2 2744.0
1 2746.285714285714
0 2748.0
3 2763.9999999999995
0 2765.9999999999995
0 2775.9999999999995
3 2777.3333333333335
1 2789.333333333333
1 2808.0
0 2809.142857142857
0 2819.9999999999995
3 2852.0
0 2918.857142857142
1 2921.5
0 2922.857142857143
1 2933.714285714286
2 2952.0
3 2960.0
3 2964.0
2 2965.5
0 2968.0
1 2969.7142857142853
3 2972.0
1 2974.3999999999996
0 2984.0
1 3001.9999999999995
1 3003.333333333333
0 3006.4
1 3015.9999999999995
0 3018.0
0 3027.9999999999995
1 3030.0
0 3032.0
0 3034.4000000000005
1 3036.0
1 3038.0
1 3048.0
1 3064.0
0 3099.0
0 3103.0
0 3127.0
1 3159.9999999999995
0 3163.999999999999
1 3165.333333333333
2 3168.0
0 3176.8
3 3180.0
0 3189.6
0 3206.4
3 3210.0
0 3211.999999999999
1 3214.4000000000005
2 3220.0
1 3222.0
0 3228.0
3 3237.0
3 3240.0
0 3241.0
0 3244.0
1 3247.9999999999995
1 3256.0
0 3276.0
1 3276.0
3 3283.9999999999995
0 3304.0
3 3338.0
0 3340.0
1 3343.0
3 3343.9999999999995
0 3355.9999999999995
1 3364.0
0 3367.0
1 3367.9999999999995
0 3372.0
2 3432.0
0 3436.0
1 3566.0
3 3828.0
2 3824.0
3 3836.0
0 3852.0
3 3886.6666666666665
2 4402.0
1 4413.6
0 4424.0
1 4441.333333333333
3 4444.0
0 4446.0
0 4456.0
3 4473.333333333333
0 4474.666666666666
0 4477.333333333333
3 4479.2
2 4488.0
1 4520.0
0 4588.0
1 4590.666666666666
3 4598.4
2 4617.999999999999
3 4620.0
3 4622.666666666666
3 4633.333333333333
0 4644.0
0 4660.571428571428
3 4662.857142857143
1 4663.999999999999
3 4666.400000000001
0 4676.666666666666
0 4680.0
1 4687.999999999999
0 4689.999999999999
3 4724.666666666666
2 4788.0
1 4918.0
0 4922.0
3 4932.0
0 4949.714285714286
2 4953.0
0 4956.0
2 4964.5714285714275
3 4980.571428571429
1 5012.571428571428
2 5019.999999999999
1 5028.5
3 5032.0
0 5033.5
0 5044.0
1 5061.0
1 5064.0
0 5065.5
0 5068.0
0 5069.714285714285
0 5079.999999999999
0 5096.571428571428
0 5100.0
2 5107.999999999999
1 5109.714285714284
1 5113.142857142857
0 5116.0
1 5126.0
3 5135.999999999999
0 5152.0
3 5185.714285714285
3 5189.714285714284
2 5191.999999999999
0 5194.0
2 5244.799999999999
1 5260.571428571428
0 5262.0
0 5264.8
3 5276.0
0 5292.0
1 5328.0
0 5336.5714285714275
1 5348.0
0 5349.5
3 5349.714285714285
1 5351.333333333333
1 5361.333333333332
0 5364.0
3 5367.333333333334
0 5369.999999999999
2 5388.000000000001
1 5394.666666666666
3 5389.6
1 5392.800000000001
1 5404.0
0 5420.0
3 5426.400000000001
0 5430.400000000001
0 5432.0
1 5436.0
3 5438.666666666666
2 5457.0
0 5472.0
1 5506.400000000001
0 5508.000000000001
3 5576.0
3 5579.0
2 5587.999999999999
1 5716.0
2 5976.666666666666
1 5979.999999999998
0 5988.0
1 6005.714285714284
0 6041.142857142857
1 6044.0
2 6052.5
1 6056.0
2 6064.0
1 6081.0
1 6084.888888888889
3 6088.0
0 6089.5
0 6091.999999999998
1 6100.0
0 6102.857142857143
1 6105.333333333333
0 6108.0
3 6108.666666666667
2 6120.0
3 6121.333333333333
0 6136.0
0 6140.0
3 6142.400000000001
2 6153.6
1 6163.999999999999
1 6166.0
0 6168.000000000001
1 6169.6
3 6180.0
2 6228.000000000001
2 6231.999999999998
3 6233.333333333332
0 6236.0
3 6244.800000000001
3 6263.200000000001
0 6266.0
2 6268.000000000001
1 6332.0
1 6340.0
2 6344.000000000001
1 6354.4
0 6372.0
1 6403.999999999999
0 6407.333333333333
3 6417.333333333333
2 6420.0
1 6422.666666666666
0 6440.0
0 6444.000000000001
1 6452.666666666666
1 6464.0
1 6466.285714285715
0 6468.0
0 6470.0
0 6480.0
1 6496.666666666665
1 6531.999999999998
2 6595.999999999998
1 6726.285714285714
1 6730.0
0 6740.0
1 6741.5
3 6744.0
1 6745.714285714286
0 6755.999999999999
0 6772.0
1 6776.0
0 6777.714285714285
0 6787.999999999999
0 6789.714285714284
1 6792.0
0 6793.999999999998
2 6796.0
1 6804.000000000001
2 6823.200000000001
2 6825.333333333332
0 6860.0
1 6868.666666666666
1 6871.999999999999
0 6873.999999999999
0 6876.0
0 6884.800000000001
1 6901.6
1 6904.800000000001
0 6908.000000000001
0 6916.799999999999
0 6920.0
0 6922.0
0 6932.0
0 6948.800000000001
1 6981.6
1 7048.800000000001
1 7052.0
0 7061.999999999999
2 7080.0
1 7081.714285714286
0 7083.999999999998
3 7123.999999999999
0 7126.285714285714
2 7128.0
1 7135.999999999999
2 7140.0
1 7143.999999999998
0 7145.999999999999
1 7148.000000000001
3 7156.0
0 7157.599999999999
3 7160.0
3 7162.0
1 7160.0
3 7164.0
1 7172.0
3 7192.0
0 7196.0
3 7203.999999999999
0 7208.0
1 7208.0
1 7212.0
1 7220.0
1 7236.0
0 7240.0
1 7244.0
1 7252.0
1 7256.0
1 7256.0
2 7260.0
0 7264.0
1 7272.0
1 7292.0
1 7324.0
0 7390.0
1 7400.0
1 7401.333333333333
3 7420.0
0 7455.999999999999
3 7466.0
0 7476.0
0 7477.599999999999
0 7480.0
2 7608.0
1 7610.0
3 7863.999999999999
2 8377.333333333332
1 8383.0
3 8392.0
0 8409.0
3 8422.400000000001
1 8426.0
0 8436.0
0 8451.999999999998
1 9476.666666666666
1 9480.0
0 9483.333333333332
2 9492.0
1 9493.333333333332
0 9514.0
3 9524.0
0 9525.714285714286
2 9528.0
3 9530.0
0 9560.0
3 9563.2
1 9574.4
2 9656.0
3 9665.714285714284
2 9684.5
2 9716.5
3 9719.0
0 9722.0
2 9724.0
3 9733.714285714286
1 9738.285714285714
0 9739.999999999998
0 9741.714285714286
0 9752.0
3 9753.142857142857
1 9756.0
0 9757.333333333332
3 9757.6
1 9768.800000000001
0 9784.800000000001
1 9790.4
2 9800.0
3 9816.0
2 9850.666666666666
0 9860.0
3 9862.285714285714
3 9865.714285714286
1 9867.999999999998
2 9876.0
1 9877.999999999998
0 9880.8
3 9884.0
0 9893.6
1 9956.0
0 10085.6
2 10104.800000000001
3 10136.0
2 10143.999999999998
3 10152.571428571428
2 10154.857142857143
2 10165.142857142857
1 10184.0
1 10184.5
1 10196.0
1 10197.5
2 10198.857142857143
0 10200.0
2 10203.2
1 10212.666666666666
2 10230.666666666666
1 10233.714285714286
0 10243.999999999998
1 10245.142857142857
0 10256.0
2 10271.999999999998
1 10305.714285714286
2 10309.333333333332
0 10311.999999999998
2 10321.333333333332
3 10324.0
0 10325.714285714286
1 10325.333333333332
2 10328.0
1 10330.4
0 10340.0
3 10356.800000000003
3 10389.6
0 10456.000000000002
0 10468.0
1 10470.285714285714
3 10480.571428571428
3 10497.714285714286
0 10501.714285714286
1 10504.0
0 10505.714285714283
2 10508.0
0 10510.0
2 10512.0
1 10520.8
0 10524.0
2 10533.0
1 10551.999999999998
3 10560.0
2 10594.0
3 10656.666666666666
0 10661.714285714286
1 10664.0
0 10668.0
1 10676.0
0 10694.666666666666
0 10698.400000000001
3 10700.0
0 10707.999999999998
0 10726.0
3 10761.714285714284
2 10764.0
1 10772.0
2 10773.714285714284
3 10776.0
0 10904.0
2 10908.0
1 11173.333333333332
0 11177.0
2 11180.0
3 11188.571428571428
0 11204.0
1 11206.857142857141
0 11209.714285714286
3 11212.666666666666
0 11214.0
3 11223.999999999998
0 11225.333333333332
1 11240.0
0 11244.0
1 11246.400000000001
2 11252.0
1 11261.6
1 11300.8
2 11366.0
2 11370.0
1 11380.0
3 11396.0
2 11398.285714285714
3 11401.333333333332
0 11411.999999999998
1 11430.857142857143
3 11464.0
0 11473.5
3 11477.0
2 11480.0
1 11481.5
3 11481.714285714286
0 11482.0
1 11492.0
2 11511.999999999998
1 11514.285714285712
1 11516.0
1 11526.666666666666
1 11528.571428571428
1 11530.666666666666
1 11540.666666666666
1 11556.666666666666
1 11560.0
0 11564.0
0 11565.333333333334
0 11576.0
1 11577.333333333334
2 11580.0
1 11582.400000000001
2 11584.0
2 11587.0
0 11589.333333333332
2 11586.0
3 11620.0
0 11632.0
0 11644.0
3 11661.0
1 11672.0
0 11736.000000000002
1 11865.6
0 11869.6
1 11880.0
1 11881.333333333332
2 11884.0
1 11892.8
1 11910.4
0 11944.8
3 11948.0
0 11957.333333333332
0 11976.0
2 11984.0
3 11986.857142857141
0 12004.0
1 12005.714285714283
0 12008.0
0 12011.333333333334
2 12020.0
1 12021.333333333334
3 12032.666666666668
3 12034.0
0 12036.800000000003
1 12040.0
0 12042.400000000001
1 12044.0
3 12049.333333333332
2 12045.333333333332
3 12048.0
1 12058.0
0 12076.0
3 12109.333333333332
0 12173.333333333332
2 12177.333333333332
1 12188.0
2 12190.0
0 12201.0
1 12204.0
2 12206.0
3 12206.666666666666
1 12218.666666666666
0 12244.0
0 12260.8
1 12261.599999999999
0 12264.0
0 12266.0
2 12268.0
3 12276.0
2 12280.0
1 12282.0
0 12295.999999999998
1 12328.0
0 12340.0
1 12347.0
1 12356.0
2 12360.0
3 12368.0
2 12384.0
1 12388.0
0 12392.0
1 12395.0
2 12396.0
0 12405.333333333332
1 12408.0
0 12409.333333333332
3 12428.0
2 12420.0
3 12424.0
2 12426.0
0 12428.0
1 12428.0
0 3.9999999999999996
1 5.428571428571427
2 7.999999999999998
3 16.307692307692307
0 20.000000000000004
1 21.230769230769237
1 24.000000000000004
0 25.666666666666664
0 36.0
1 53.00000000000001
2 63.999999999999986
1 65.53846153846153
0 67.99999999999999
1 69.66666666666666
0 72.0
1 81.09090909090911
3 84.00000000000003
0 100.36363636363639
3 133.0909090909091
3 145.09090909090912
3 148.0
0 149.33333333333331
2 151.99999999999997
3 161.09090909090912
2 180.00000000000003
1 181.33333333333334
0 183.99999999999994
1 185.09090909090907
3 188.00000000000003
0 196.79999999999998
0 200.00000000000003
3 208.40000000000003
1 212.0
0 213.60000000000002
3 232.0
0 264.0
3 330.0
0 332.79999999999995
2 344.0
1 353.0909090909091
1 369.090909090909
2 373.3333333333333
3 376.0
0 385.090909090909
0 387.99999999999983
1 389.4545454545454
3 391.99999999999994
0 393.6
0 404.0
0 420.8
1 423.9999999999999
0 432.3999999999999
3 459.9999999999999
0 468.00000000000006
0 480.0
1 496.3636363636365
0 498.54545454545456
1 501.19999999999993
2 504.0
1 505.6
1 508.00000000000006
1 509.33333333333337
1 520.0
2 521.3333333333333
0 524.0
1 532.5
1 549.5
2 583.5
2 649.3333333333334
3 652.0
0 660.8888888888889
2 665.1999999999999
1 796.0
2 804.8
0 816.0000000000002
0 833.090909090909
0 836.0000000000001
1 837.4545454545455
1 848.0000000000002
0 864.7272727272725
0 867.9999999999998
1 869.4545454545453
0 880.0
1 881.4545454545455
0 884.0
0 885.5999999999999
3 896.0000000000001
0 912.0000000000002
3 945.5999999999999
0 949.8181818181818
0 952.0000000000002
1 960.4
0 963.9999999999999
3 965.6000000000001
1 976.0000000000001
0 992.8000000000002
0 1027.9999999999998
1 1029.4545454545457
3 1032.0000000000002
0 1040.4
1 1044.0
0 1045.6000000000001
3 1048.0
0 1049.7777777777778
1 1060.0000000000002
0 1077.3333333333333
2 1080.0
1 1144.0
2 1153.7777777777778
1 1156.4444444444443
0 1160.0
1 1168.4444444444446
1 1172.0000000000002
3 1173.3333333333335
1 1176.0
2 1177.5
0 1188.0
1 1204.5
2 1208.0
1 1209.5
0 1240.5714285714284
1 1242.857142857143
1 1254.2857142857142
0 1272.0
3 1273.7142857142856
2 1284.0
1 1285.0
2 1288.0
1 1290.2857142857142
0 1291.9999999999998
3 1300.6666666666667
0 1302.0
0 1304.8
0 1308.0
2 1316.8000000000002
3 1332.8000000000002
3 1367.2
0 1432.6666666666667
3 1445.3333333333333
0 1461.7142857142853
3 1592.6666666666665
0 1861.5
1 1872.0000000000005
0 1888.363636363637
1 1892.0000000000002
0 1893.4545454545455
2 1927.9999999999998
1 1937.090909090909
1 1938.545454545455
2 1941.2
0 1944.0000000000005
1 1952.8000000000004
1 1956.0
0 1957.6
0 1960.0000000000002
1 1968.8888888888891
1 1985.7777777777776
1 1988.8
2 1991.9999999999995
1 2000.4444444444441
2 2017.333333333333
2 2021.0
1 2024.0
0 2033.3333333333335
0 2036.0
2 2035.9999999999998
0 2037.5
1 2040.0
2 2042.285714285714
3 2052.0
0 2068.571428571428
3 2104.5714285714284
2 2116.0
3 2180.4444444444443
0 2184.0
3 2185.777777777778
0 2188.0
1 2197.5
1 2213.5
0 2247.5
2 2256.0
0 2260.0
1 2261.333333333333
3 2265.0
2 2272.5
2 2276.0
1 2279.0
1 2282.0
0 2284.0
0 2285.714285714286
2 2288.0
1 2295.9999999999995
0 2316.0
1 2324.5714285714284
0 2327.9999999999995
1 2330.2857142857138
1 2340.0
1 2356.5714285714284
0 2360.0
1 2362.285714285714
3 2396.0
0 2405.714285714286
0 2424.0
0 2425.0
1 2426.285714285714
1 2429.333333333333
0 2438.6666666666665
0 2442.0
3 2444.0
0 2453.333333333333
2 2472.0
1 2544.0
2 2547.0
0 2676.0
3 2679.0
0 2689.5
1 2692.0
2 2693.5
0 2696.0
0 2697.714285714286
0 2707.9999999999995
1 2709.714285714286
3 2739.9999999999995
2 2742.6666666666665
1 2756.8
2 2763.9999999999995
1 2772.6666666666665
2 2775.9999999999995
1 2778.0
1 2787.9999999999995
0 2804.6666666666665
0 2840.0
1 2906.285714285714
3 2915.9999999999995
0 2933.0
1 2937.5
2 2948.0
1 2949.3333333333335
0 2949.5
3 2960.5
1 2974.0
0 3009.5
1 3013.5
2 3017.5
1 3020.0000000000005
0 3020.0
2 3022.8571428571427
3 3031.999999999999
1 3034.0
0 3036.0
1 3044.6666666666665
0 3060.6666666666665
0 3064.6666666666665
1 3076.0
2 3078.8571428571427
0 3079.999999999999
2 3083.2000000000003
1 3085.333333333333
3 3088.0
0 3096.0
3 3114.4
2 3124.666666666666
1 3159.9999999999995
2 3224.571428571428
2 3356.0
2 3364.5
1 3381.0
0 3640.0
3 4161.777777777777
3 4164.444444444443
0 4166.000000000001
0 4176.799999999999
3 4180.0
0 4181.2
0 4184.0
1 4185.777777777777
3 4195.11111111111
0 4212.888888888889
0 4214.222222222222
1 4217.0
0 4228.0
0 4244.0
3 4280.0
0 4288.400000000001
1 4291.999999999999
0 4293.6
1 4294.666666666667
1 4297.5
0 4307.999999999999
0 4325.333333333333
1 4327.999999999999
2 4356.444444444444
1 4426.222222222223
0 4429.200000000001
2 4432.0
1 4441.333333333334
3 4444.0
2 4453.333333333332
1 4456.0
0 4472.444444444444
0 4476.0
1 4477.777777777778
0 4480.0
3 4488.0
0 4489.5
1 4490.857142857142
3 4501.714285714285
0 4502.857142857142
0 4513.714285714285
1 4514.857142857142
2 4532.666666666666
1 4565.714285714286
1 4569.714285714285
2 4580.0
1 4582.0
0 4583.999999999999
2 4592.0
1 4609.142857142857
2 4611.999999999999
2 4624.0
1 4626.0
0 4627.999999999999
1 4630.285714285713
0 4639.999999999999
1 4656.571428571428
3 4661.714285714285
0 4664.0
0 4665.714285714284
0 4676.0
3 4677.142857142857
2 4677.999999999999
1 4692.8
0 4695.2
0 4698.4
3 4708.0
0 4712.0
3 4720.0
3 4724.0
0 4725.6
2 4726.0
0 4728.0
3 4737.333333333333
3 4753.333333333333
0 4792.0
3 4856.0
2 4868.0
3 4869.999999999999
3 4873.333333333333
0 4876.0
3 4886.400000000001
1 4888.0
2 4904.0
1 5064.0
1 5068.0
0 5076.0
1 5080.0
1 5092.0
0 5093.714285714286
0 5103.999999999999
0 5120.571428571428
1 5154.285714285714
0 5157.714285714285
1 5158.285714285714
2 5221.333333333333
0 5224.8
1 5236.0
0 5254.285714285714
1 5258.0
0 5260.0
1 5268.571428571428
3 5280.0
0 5281.5
3 5282.857142857143
0 5285.714285714285
1 5287.999999999999
2 5304.666666666667
1 5306.666666666667
1 5316.0
0 5332.666666666667
1 5367.333333333333
1 5376.571428571428
0 5381.714285714285
1 5382.285714285714
0 5385.999999999999
1 5394.666666666666
0 5397.999999999999
3 5400.0
0 5407.999999999999
3 5410.666666666666
0 5414.0
1 5416.0
0 5424.8
0 5440.8
0 5446.400000000001
1 5448.000000000001
0 5449.6
1 5452.0
1 5462.0
0 5479.0
0 5483.0
3 5524.0
0 5604.666666666666
0 5736.0
3 6000.5
0 6002.222222222223
0 6004.88888888889
1 6006.5
0 6010.0
1 6012.0
2 6020.0
1 6038.285714285714
1 6048.0
2 6049.5
0 6052.0
3 6085.142857142857
0 6090.0
0 6092.0
1 6100.0
2 6115.999999999999
1 6118.857142857141
3 6153.999999999999
2 6216.571428571428
1 6221.714285714285
3 6233.714285714284
2 6240.5
0 6244.0
0 6248.0
1 6257.5
1 6274.5
3 6276.0
2 6278.0
1 6280.5714285714275
0 6283.999999999999
1 6293.142857142857
1 6304.0
2 6320.0
2 6324.0
1 6325.5
3 6328.0
2 6336.5714285714275
2 6354.285714285715
2 6357.0
1 6391.999999999999
2 6393.5
3 6393.714285714285
1 6405.142857142858
0 6408.0
1 6409.714285714285
3 6411.999999999998
0 6420.0
1 6422.0
2 6438.4
3 6441.999999999999
0 6444.000000000001
3 6447.200000000001
0 6456.0
3 6460.0
0 6469.6
1 6471.999999999998
2 6474.4
0 6484.000000000001
1 6486.4000000000015
2 6504.000000000001
1 6537.599999999999
0 6604.000000000001
3 6612.0
2 6739.999999999999
1 6757.999999999998
2 6801.714285714286
3 6805.5
0 6808.0
0 6809.5
2 6811.999999999999
1 6820.5714285714275
2 6822.857142857143
0 6832.0
3 6833.714285714285
0 6836.666666666665
1 6840.0
0 6848.666666666665
2 6864.0
1 6866.666666666666
3 6870.4000000000015
2 6872.0
3 6882.400000000001
2 6898.4
3 6902.0
0 6905.999999999998
1 6907.999999999999
0 6909.6
2 6912.0
1 6920.0
1 6939.0
1 6943.0
0 6952.0
1 6953.599999999999
0 6956.0
0 6966.0
1 6968.000000000001
0 6971.0
0 6972.0
2 6972.0
2 6976.0
0 6984.0
0 7002.0
1 7034.0
1 7104.0
0 7112.0
3 7144.0
0 7164.0
0 7167.0
1 7177.6
0 7179.2
1 7181.6
0 7192.0
0 7193.6
2 7196.0
1 7198.0
1 7208.0
1 7210.0
1 7212.0
2 7214.666666666666
1 7216.0
1 7224.0
1 7242.0
1 7246.666666666666
0 7248.0
3 7256.0
0 7260.0
1 7262.0
0 7264.0
2 7280.0
1 7280.0
0 3.9999999999999987
1 5.428571428571427
2 7.999999999999998
3 16.923076923076923
0 19.999999999999996
1 21.538461538461544
1 24.0
0 33.0
0 52.0
1 53.53846153846154
2 63.999999999999986
1 65.53846153846153
1 68.00000000000001
2 69.33333333333333
0 72.0
1 81.09090909090912
2 99.99999999999996
1 132.33333333333331
0 135.99999999999997
3 144.33333333333334
0 146.66666666666666
3 149.0909090909091
0 152.0
1 160.36363636363637
1 164.0
0 165.0909090909091
0 168.00000000000006
3 176.39999999999998
0 195.99999999999997
3 197.45454545454547
3 207.27272727272728
0 209.45454545454547
0 212.00000000000006
3 213.60000000000002
1 223.20000000000005
0 241.20000000000002
0 242.40000000000003
1 245.3333333333333
0 246.66666666666663
2 256.00000000000006
1 273.77777777777777
0 308.44444444444446
0 376.0
1 385.090909090909
1 387.99999999999983
1 389.8181818181818
1 391.99999999999994
2 400.4
1 404.0
2 405.6000000000001
0 407.9999999999999
2 416.8888888888889
1 436.0000000000001
1 468.4000000000001
1 479.2
0 496.3636363636364
0 500.0
1 501.4545454545454
2 504.0
1 511.99999999999994
2 514.4000000000001
1 517.6000000000001
0 520.0
1 521.7777777777778
2 531.9999999999999
1 549.3333333333334
0 552.0
0 553.7777777777777
3 584.0
0 649.5
2 781.5
3 793.6000000000003
1 803.9999999999999
0 805.4545454545456
2 823.9999999999999
1 832.7272727272727
0 836.0
0 837.4545454545455
1 838.4000000000001
1 849.1999999999998
2 868.0
1 900.0000000000002
1 904.0000000000002
2 905.4545454545457
0 908.0
1 917.2000000000002
2 920.0
1 921.1999999999999
0 923.9999999999998
1 932.4444444444443
2 944.0000000000001
1 960.0
1 963.9999999999999
0 965.5999999999999
2 967.9999999999999
0 969.7777777777777
3 980.0000000000001
0 981.3333333333335
1 981.5
2 1000.0000000000001
1 1033.5
2 1100.5
1 1110.2222222222222
2 1113.6000000000001
0 1124.0
1 1141.2
1 1142.0
2 1144.8888888888887
1 1156.0
0 1157.6
0 1160.0
1 1168.888888888889
3 1171.9999999999998
0 1173.7777777777776
0 1176.0
0 1177.5
2 1180.0
3 1189.7142857142856
2 1205.7142857142858
1 1208.0
0 1210.2857142857142
2 1219.9999999999998
1 1236.0
2 1272.0
1 1281.5
0 1284.0
0 1286.0
1 1288.5714285714284
2 1296.5714285714287
0 1300.5714285714284
0 1302.2857142857142
1 1305.333333333333
2 1316.0
3 1332.5714285714284
3 1336.0
0 1367.9999999999998
1 1369.142857142857
1 1372.0
2 1381.3333333333333
2 1385.3333333333335
3 1395.9999999999998
2 1412.0
2 1415.9999999999998
3 1417.7142857142856
0 1428.0
0 1443.9999999999998
3 1446.857142857143
0 1449.3333333333333
0 1450.6666666666665
3 1454.0
1 1516.0
0 1644.8
1 1901.6
2 1944.0
3 1947.9999999999998
2 1960.0
3 1977.5
2 1988.888888888889
0 1992.0
3 1993.3333333333328
0 2004.0000000000002
3 2021.333333333333
1 2024.0
0 2025.7777777777776
1 2028.0
0 2029.5
1 2040.0
0 2041.5
3 2044.0
0 2044.5714285714284
1 2056.0
0 2073.7142857142853
0 2116.0
3 2180.0
0 2181.3333333333335
1 2185.0
0 2193.5
0 2197.333333333333
0 2200.0
2 2208.0
1 2226.0
1 2256.5
0 2261.0
1 2265.777777777778
2 2276.0
1 2277.7777777777774
0 2279.9999999999995
0 2281.5
2 2284.0
1 2292.5714285714284
2 2308.571428571429
1 2312.5714285714284
3 2316.0
1 2324.6666666666665
0 2340.5714285714284
0 2352.5714285714284
1 2356.0
0 2357.5
0 2368.0
1 2384.5
1 2418.0
1 2421.7777777777774
0 2424.0
2 2424.5
2 2427.9999999999995
0 2436.5714285714284
1 2440.0
0 2441.7142857142853
2 2444.0
1 2451.9999999999995
2 2454.6666666666665
1 2458.0
0 2476.0
1 2484.6666666666665
1 2488.0
0 2490.0
0 2499.9999999999995
3 2556.0
3 2548.6666666666665
0 2616.0
1 2617.1428571428573
0 2619.9999999999995
2 2622.0
0 2631.9999999999995
1 2633.333333333333
3 2645.333333333333
1 2648.0
0 2650.0
2 2650.4
3 2657.0
0 2676.0
2 2708.0
1 2710.4
3 2714.3999999999996
0 2717.0
3 2728.0
0 2730.3999999999996
2 2740.0
3 2756.8
0 2760.0
2 2762.4000000000005
0 2764.0
1 2773.0
0 2776.0
0 2779.0
3 2789.0
0 2792.0
1 2856.0
2 2984.0
1 2986.0
1 2996.0
0 3027.0
1 3075.9999999999995
0 3077.5
2 3088.0
1 3089.5
0 3092.0
1 3093.142857142857
0 3094.6666666666665
0 3097.333333333333
3 3100.0
0 3100.8
1 3102.0
3 3112.0
2 3128.0
0 3132.0
1 3143.0
0 3144.8000000000006
3 3154.0
0 3172.0000000000005
1 3206.4
0 3210.0
3 3210.4
1 3214.0
0 3222.0
0 3239.0
0 3249.6
0 3253.9999999999995
1 3256.0
0 3264.0000000000005
0 3268.0
3 3269.6000000000004
1 3280.0
1 3281.6000000000004
2 3280.0
0 3283.9999999999995
1 3286.6666666666665
3 3288.0
0 3298.0
3 3316.0
0 3348.0
1 3413.333333333333
2 3542.666666666666
2 3548.0
3 3807.0
1 3817.0
0 4328.8
1 4344.8
2 4356.666666666666
0 4377.999999999999
1 4380.0
2 4412.571428571428
3 4476.0
0 4486.285714285714
3 4497.5
2 4500.444444444444
3 4504.0
2 4505.5
1 4516.0
0 4532.0
1 4566.0
1 4569.714285714285
0 4572.0
3 4573.5
1 4576.0
0 4585.142857142857
0 4604.0
1 4612.0
2 4616.0
1 4617.5
0 4620.0
3 4627.999999999999
0 4629.714285714284
1 4631.333333333333
2 4641.999999999999
3 4660.0
0 4694.285714285714
0 4697.5
3 4698.857142857142
2 4764.0
3 4773.142857142857
1 4784.0
3 4795.999999999999
0 4804.0
3 4805.5
1 4808.0
0 4816.571428571428
1 4820.0
1 4821.714285714285
3 4824.0
0 4834.0
1 4851.999999999999
1 4853.714285714284
2 4897.142857142858
3 4916.0
0 4917.333333333332
0 4920.0
1 4921.5
0 4922.857142857143
1 4925.714285714286
2 4927.999999999999
1 4936.666666666667
3 4940.0
0 5068.0
0 5080.0
3 5081.142857142857
1 5083.999999999999
2 5107.999999999999
1 5110.857142857143
1 5114.0
0 5116.0
1 5125.333333333333
1 5140.666666666667
0 5176.0
0 5243.999999999999
3 5252.0
0 5253.5
0 5256.0
1 5257.714285714286
0 5260.0
3 5270.0
0 5287.333333333333
2 5320.0
1 5329.714285714285
1 5333.714285714284
0 5337.142857142857
1 5340.0
0 5341.714285714285
2 5347.999999999999
0 5354.0
1 5355.333333333333
0 5357.999999999999
3 5368.0
0 5386.0
3 5386.666666666666
3 5389.333333333333
0 5391.200000000001
1 5400.0
0 5402.400000000001
3 5405.6
0 5416.0
0 5417.599999999999
1 5420.0
0 5429.0
2 5448.0
3 5480.0
2 5545.6
2 5676.0
3 5686.666666666666
0 5704.0
3 5705.714285714286
2 5709.333333333333
1 5719.999999999999
2 5721.142857142857
0 5724.0
1 5726.0
2 5740.0
3 5746.400000000001
0 5780.8
1 5787.200000000001
2 5798.4
2 5802.4
1 5810.666666666667
1 5813.142857142857
0 5828.666666666666
0 5832.666666666666
3 5844.0
0 5861.142857142856
1 6119.999999999998
0 6152.0
1 6226.0
1 6229.5
0 6231.999999999999
1 6233.777777777777
1 6243.999999999998
0 6260.444444444445
0 6264.0
3 6264.888888888889
2 6268.0
1 6277.5
1 6278.5
2 6289.5
1 6307.999999999999
1 6340.444444444444
3 6343.999999999999
0 6353.333333333332
0 6356.000000000001
1 6357.777777777778
0 6360.0
1 6361.5
1 6372.0
0 6373.5
0 6376.0
1 6377.714285714285
2 6379.999999999999
1 6388.666666666666
1 6405.999999999999
1 6416.571428571428
0 6419.999999999999
1 6421.142857142856
1 6423.999999999999
2 6426.0
3 6436.8
0 6474.4
3 6476.0
2 6540.0
3 6544.000000000001
1 6553.6
0 6564.0
2 6569.999999999998
1 6580.0
2 6581.142857142857
0 6583.999999999999
3 6586.0
2 6712.0
1 6718.4
2 6727.999999999999
1 6746.0
1 6755.999999999999
0 6773.714285714285
0 6776.0
1 6777.714285714285
2 6780.0
1 6781.333333333333
0 6784.000000000001
1 6786.4000000000015
2 6796.0
3 6845.6
2 6854.285714285714
0 6857.714285714286
2 6867.999999999999
1 6869.714285714285
3 6871.999999999999
0 6879.999999999998
3 6896.666666666665
1 6900.666666666666
1 6904.000000000001
0 6912.666666666666
2 6931.999999999999
3 6933.714285714286
0 6963.999999999998
1 7030.0
0 7032.571428571428
1 7035.999999999998
3 7046.666666666666
3 7049.999999999998
2 7051.999999999999
3 7061.999999999999
1 7077.999999999999
1 7079.333333333333
3 7089.999999999999
0 7092.0
2 7124.800000000001
2 7128.800000000001
2 7132.0
3 7132.666666666664
0 7140.0
1 7144.000000000001
2 7152.0
1 7174.4
0 7175.999999999999
3 7177.333333333333
1 7180.0
3 7182.0
0 7184.0
3 7194.0
0 7220.0
0 7221.999999999999
1 7224.0
0 7225.600000000001
0 7236.0
0 7237.599999999999
2 7236.0
0 7239.999999999999
1 7248.0
2 7253.333333333332
0 7256.0
1 7258.666666666666
3 7268.0
2 7285.333333333333
1 7320.0
0 7384.0
1 7514.0
1 7516.0
0 7518.0
2 7529.0
1 7547.0
2 7804.0
1 8318.4
1 9351.999999999998
0 9368.571428571428
1 9370.285714285714
2 9404.0
1 9406.857142857143
3 9418.0
2 9422.0
1 9424.0
0 9432.0
3 9440.0
0 9460.0
3 9492.5
1 9505.333333333332
2 9572.0
1 9573.600000000002
1 9576.0
0 9577.333333333332
2 9592.0
3 9599.5
0 9595.428571428572
1 9609.714285714284
0 9620.0
1 9621.333333333332
0 9624.0
0 9625.5
2 9625.714285714284
2 9636.0
1 9652.0
1 9664.0
2 9681.0
2 9713.0
0 9718.0
0 9721.714285714284
3 9730.5
1 9732.0
3 9734.5
2 9737.142857142857
1 9748.0
2 9749.142857142855
3 9752.0
0 9753.714285714284
0 9764.0
0 9780.0
1 9815.999999999998
2 9880.0
3 10016.0
2 10019.111111111111
0 10021.777777777777
1 10025.5
2 10028.0
1 10029.5
0 10044.0
1 10054.285714285714
0 10058.0
2 10061.714285714284
1 10072.0
1 10073.5
3 10092.0
0 10125.0
3 10133.5
0 10137.333333333332
1 10137.5
3 10149.5
0 10160.0
1 10161.333333333334
1 10164.0
0 10165.5
1 10168.0
2 10168.0
0 10171.333333333334
3 10179.999999999998
2 10196.0
1 10198.666666666666
0 10202.666666666664
0 10206.0
3 10216.0
0 10232.0
1 10236.0
2 10268.0
1 10269.333333333334
1 10280.0
0 10282.400000000001
0 10286.0
1 10296.0
1 10311.999999999998
2 10322.666666666666
1 10338.666666666666
1 10342.857142857143
1 10345.714285714284
0 10347.999999999998
1 10349.333333333332
1 10359.999999999998
0 10362.0
0 10371.999999999998
1 10373.333333333332
2 10376.000000000002
1 10377.600000000002
2 10380.0
1 10388.0
3 10408.0
2 10416.000000000002
3 10435.200000000003
3 10468.0
3 10470.666666666666
0 10474.0
2 10476.000000000002
3 10477.600000000002
0 10540.0
1 10572.0
0 10576.0
2 10644.0
3 10782.400000000001
1 11047.999999999998
2 11064.5
2 11069.5
1 11072.0
0 11080.0
3 11088.0
0 11092.0
1 11094.0
0 11097.142857142857
1 11108.0
3 11124.0
0 11160.0
1 11161.333333333332
2 11161.5
0 11173.5
1 11174.5
1 11185.0
0 11188.0
0 11189.5
2 11189.714285714286
0 11191.333333333334
2 11201.999999999998
1 11220.0
0 11222.285714285714
0 11225.333333333332
0 11228.0
2 11230.0
0 11240.0
1 11241.333333333332
3 11244.0
0 11252.800000000001
1 11271.999999999998
0 11273.333333333332
3 11283.999999999998
0 11285.999999999998
2 11288.0
0 11318.0
0 11330.0
1 11348.0
0 11352.0
3 11353.333333333332
2 11420.0
1 11427.999999999998
2 11446.0
3 11448.0
1 11450.4
0 11460.0
3 11462.666666666664
3 11465.333333333332
0 11468.0
1 11493.6
0 11502.400000000001
3 11516.0
0 11519.0
1 11521.333333333332
0 11532.0
2 11544.0
1 11560.8
1 11572.8
0 11573.333333333334
2 11577.333333333334
0 11580.0
3 11580.8
2 11592.0
3 11593.6
1 11596.0
3 11626.666666666666
2 11630.0
1 11640.0
1 11642.0
1 11644.0
0 11646.666666666666
2 11648.0
1 11658.0
0 11672.0
1 11676.0
2 11680.0
2 11692.0
3 11708.0
0 11709.333333333332
3 11712.0
1 11720.0
1 11724.0
1 11726.0
2 11728.0
1 11736.0
1 11756.0
1 11756.0
2 11824.0
3 11832.0
2 11850.0
3 11884.0
1 11893.333333333332
0 11896.0
3 12029.333333333332
0 12036.0
1 12040.0
0 12043.0
1 12044.0
1 12053.333333333332
2 12057.0
0 12060.0
1 12064.0
3 12072.0
0 12092.0
3 12124.0
0 12127.0
3 12136.0
0 12139.0
1 12140.0
0 12144.0
1 12152.0
0 12172.0
1 12204.0
0 12271.0
1 12280.0
0 12282.400000000001
0 12284.0
0 12292.0
2 12312.0
1 12313.6
2 12316.0
1 12319.0
0 12319.999999999998
2 12329.333333333332
1 12331.999999999998
1 12340.0
1 12360.0
0 12362.0
0 12372.0
2 12388.0
1 12423.0
0 12488.000000000002
1 12492.0
0 12494.4
2 12504.0
1 12520.0
0 12524.0
2 12533.0
1 12536.000000000002
0 12538.400000000001
0 12540.0
0 12549.0
1 12552.0
0 12554.0
0 12556.0
0 12558.666666666666
2 12568.0
1 12571.999999999998
2 12580.0
1 12600.0
1 12628.0
0 12631.999999999998
0 12636.0
0 12660.0
1 12692.0
0 12698.0
1 12700.0
0 12710.0
1 12712.0
1 12715.0
0 12715.999999999998
1 12724.0
0 12727.999999999998
1 12729.333333333332
3 12748.0
0 12748.0
1 12752.0
3 12760.0
0 12762.0
1 12764.0
2 12764.0
1 3.9999999999999996
0 5.428571428571427
1 15.999999999999995
3 17.428571428571427
2 20.000000000000004
1 21.230769230769237
0 24.0
1 25.666666666666664
0 28.000000000000004
1 36.72727272727273
1 56.00000000000001
2 64.33333333333333
1 66.66666666666667
1 69.66666666666666
0 80.0
1 81.0
1 84.0
1 85.81818181818184
2 95.99999999999997
1 113.09090909090911
0 146.1818181818182
0 148.00000000000003
1 150.54545454545453
0 153.2
1 162.40000000000003
1 179.2
1 183.99999999999994
2 192.7272727272727
1 194.54545454545456
1 197.8181818181818
0 208.0
1 209.8181818181818
0 212.00000000000006
3 224.8
0 214.22222222222223
1 216.0
0 218.0
1 221.71428571428572
0 230.85714285714283
0 247.42857142857136
2 284.0
3 348.8888888888889
0 360.0
1 367.2000000000001
3 386.40000000000003
0 389.45454545454544
1 391.99999999999994
0 393.6
1 396.0
0 397.33333333333337
0 407.9999999999999
1 409.33333333333326
2 412.0
0 413.5
0 416.0
0 425.1428571428571
0 444.0
1 477.0
3 480.0
0 489.5
1 500.0
0 517.3333333333333
1 518.6666666666665
0 521.3333333333333
1 531.9999999999999
2 548.0000000000001
1 550.6666666666666
0 552.5
0 556.0
1 564.5
3 576.0
0 592.8888888888889
0 628.0
0 693.2
3 821.5999999999999
2 832.3636363636364
0 836.0
1 837.4545454545455
1 840.0
0 841.6
0 844.0
1 845.3333333333333
2 845.5
0 849.142857142857
3 860.0
0 876.0
3 909.5
3 921.5
2 923.9999999999998
0 932.8888888888888
0 936.0
1 937.3333333333334
3 937.5
0 938.8571428571429
2 949.7142857142858
1 967.9999999999998
0 977.0
1 981.3333333333334
3 1000.0
0 1008.4444444444445
2 1012.0
3 1013.3333333333334
0 1016.0
1 1017.5
2 1048.5714285714284
3 1052.5
0 1116.5714285714287
1 1126.8571428571427
2 1145.0
2 1157.3333333333333
3 1160.0
2 1168.4444444444446
0 1171.9999999999998
3 1173.3333333333335
1 1173.5
3 1176.5
2 1192.5714285714284
3 1225.7142857142856
0 1229.142857142857
3 1248.5
0 1252.0
3 1253.3333333333333
1 1256.0
0 1257.5
3 1257.7142857142858
0 1259.3333333333333
1 1269.333333333333
0 1288.0
3 1290.8571428571427
3 1293.7142857142858
0 1303.9999999999998
3 1321.1428571428569
3 1322.285714285714
1 1331.9999999999998
2 1334.2857142857142
2 1344.0
1 1345.7142857142858
3 1348.6666666666667
0 1351.9999999999998
3 1353.3333333333333
0 1356.0
2 1372.0000000000002
3 1410.4
0 1407.2000000000003
1 1418.4
3 1472.0
0 1476.0
3 1614.0
2 1624.0
3 1627.9999999999998
0 1638.6666666666665
1 1888.0
2 1904.6666666666665
1 1924.0
0 1956.5
1 1960.0000000000002
0 1961.5
0 1972.0
1 1973.5
2 1993.1428571428569
1 1995.0
0 2004.5
0 2008.0
1 2010.0
0 2020.0
1 2036.5
2 2039.9999999999995
1 2049.5
0 2084.0
1 2148.4444444444443
1 2152.0
0 2153.777777777778
0 2163.111111111111
1 2180.0
0 2182.666666666667
0 2185.5
2 2192.0
3 2209.5
0 2213.3333333333335
1 2216.0
3 2249.142857142857
3 2258.8571428571427
3 2262.8571428571427
0 2264.5
3 2266.5
0 2276.0
1 2280.0
0 2281.0
3 2284.0
0 2293.7142857142853
2 2320.0
1 2336.0000000000005
0 2372.0000000000005
1 2373.6
2 2440.0
3 2568.0000000000005
0 2570.0000000000005
3 2581.2
0 2584.0000000000005
1 2592.3999999999996
2 2604.8
3 2610.4
0 2613.333333333333
1 2617.3333333333326
2 2620.0
1 2628.4444444444443
1 2630.666666666666
2 2633.333333333333
1 2644.0
2 2645.3333333333335
0 2648.0
1 2657.0
1 2676.0
2 2677.777777777778
3 2712.0
2 2721.333333333333
1 2740.0
1 2741.2000000000003
0 2741.3333333333326
2 2745.333333333333
0 2748.0
1 2757.5
2 2768.0000000000005
1 2769.777777777778
0 2772.0
0 2773.5
1 2775.9999999999995
0 2784.5714285714284
0 2788.0
0 2789.714285714286
2 2800.0
1 2817.714285714286
1 2850.285714285714
3 2916.0
2 2932.5
3 2936.0
0 2945.5
3 2949.777777777778
0 2952.0
2 2953.5
0 2964.0
3 2965.5
1 2968.0
0 2976.5714285714284
0 2992.5714285714284
2 3028.5714285714284
3 3030.0
2 3033.142857142857
3 3041.7142857142853
3 3046.0
0 3048.0
3 3057.142857142857
1 3059.999999999999
2 3076.5714285714284
3 3077.7142857142853
1 3080.5714285714284
0 3082.0
2 3084.8000000000006
1 3092.8000000000006
0 3097.0
3 3116.0
0 3117.999999999999
2 3148.0
3 3214.4
0 3353.333333333333
1 3612.0
2 3622.5
2 3640.8888888888882
2 3652.0
1 4164.400000000001
0 4168.000000000001
1 4176.0
0 4193.6
1 4228.000000000001
0 4232.000000000001
1 4233.454545454546
0 4244.000000000001
1 4245.454545454546
0 4256.0
0 4257.454545454546
3 4272.4
2 4277.2
1 4280.0
0 4281.6
2 4284.0
1 4291.999999999999
2 4294.666666666667
1 4305.333333333332
0 4308.000000000001
0 4309.333333333333
2 4312.0
1 4320.5
2 4337.5
3 4340.0
2 4342.0
1 4344.571428571428
0 4356.0
1 4373.5
1 4406.5
3 4408.0
0 4474.0
3 4484.888888888889
0 4486.666666666666
0 4489.333333333333
1 4492.0
0 4501.5
0 4504.0
1 4505.5
2 4508.0
1 4517.142857142856
0 4520.0
3 4543.999999999999
0 4577.5
3 4581.5
2 4584.0
3 4585.5
0 4588.0
1 4589.714285714286
2 4596.0
1 4614.666666666666
3 4618.4
2 4627.999999999999
1 4630.285714285714
3 4639.999999999999
2 4656.571428571428
0 4692.0
1 4695.0
2 4760.0
3 4762.0
2 4765.714285714285
1 4776.0
0 4793.5
0 4794.0
3 4796.5714285714275
0 4808.0
3 4809.5
2 4948.0
1 4949.333333333333
1 4950.5
1 4953.5
0 4956.0
1 4964.5714285714275
0 4968.0
1 4969.714285714285
2 4972.0
1 4981.333333333333
1 5008.0
1 5056.5
0 5060.0
1 5061.777777777777
0 5064.0
1 5065.5
0 5076.0
1 5092.0
0 5094.5
0 5097.5
3 5100.0
1 5108.571428571428
1 5112.0
0 5113.714285714284
3 5124.0
2 5140.0
3 5141.714285714285
0 5145.333333333333
2 5148.000000000001
3 5150.0
1 5184.0
2 5256.666666666666
0 5260.0
3 5268.0
0 5271.999999999999
3 5273.714285714285
0 5284.0
3 5300.5714285714275
0 5333.714285714285
3 5337.333333333332
0 5338.857142857143
3 5341.333333333333
0 5349.999999999999
0 5354.285714285714
0 5356.0
1 5364.666666666666
0 5383.999999999999
0 5385.142857142856
2 5388.0
3 5395.999999999999
2 5397.999999999999
0 5400.0
1 5402.400000000001
0 5412.0
1 5413.6
2 5432.0
1 5464.8
3 5532.0
0 5662.666666666666
2 5926.857142857142
2 5938.857142857143
1 5948.0
2 5957.0
3 5960.0
0 5968.0
1 5986.5
3 5988.0
1 5992.0
2 5994.0
0 6004.0
1 6005.5
3 6008.5714285714275
0 6012.0
1 6020.0
0 6022.285714285714
3 6052.666666666666
2 6058.0
3 6064.666666666667
0 6067.999999999999
3 6070.666666666666
0 6079.999999999999
1 6098.666666666667
1 6101.714285714286
0 6105.999999999999
3 6115.999999999999
0 6133.714285714285
1 6136.0
0 6137.714285714285
2 6139.999999999999
3 6142.0
0 6144.000000000001
1 6152.0
0 6156.0
2 6172.0
1 6180.0
2 6182.400000000001
3 6216.0
2 6282.400000000001
1 6293.333333333332
1 6296.0
3 6304.000000000001
2 6307.333333333333
1 6309.999999999999
3 6314.4
0 6322.400000000001
0 6340.0
2 6342.0
1 6378.4
0 6380.0
3 6382.0
1 6391.999999999999
0 6408.666666666666
3 6411.999999999998
1 6414.0
1 6416.0
2 6424.000000000001
1 6426.4000000000015
0 6428.0
2 6438.0
1 6440.0
1 6448.0
0 6452.0
1 6455.0
3 6471.999999999999
0 6481.0
0 6498.0
0 6532.0
1 6598.4
2 6601.333333333333
1 6603.200000000001
1 6613.6
3 6616.8
0 6617.599999999999
1 6618.0
3 6630.0
0 6647.0
2 6649.0
1 6652.8
1 6655.0
1 6658.0
3 6668.0
2 6670.0
1 6670.666666666666
3 6672.0
2 6674.0
1 6676.0
3 6684.0
2 6704.0
3 6748.0
2 6749.0
1 6750.666666666666
3 6754.666666666666
0 6772.0
3 6807.999999999999
0 6816.0
3 6817.0
0 6819.999999999999
0 6829.333333333333
1 6848.0
1 6859.0
0 6868.000000000001
1 6869.6
3 6880.0
0 6882.400000000001
2 6884.0
1 6885.0
0 6888.0
1 6891.999999999999
0 6900.0
1 6920.0
0 6920.0
2 6920.0
3 6952.0
0 7016.0
0 7148.0
0 7160.0
1 7179.0
1 7204.0
2 7205.999999999999
1 7209.6
2 7211.200000000001
1 7221.6
0 7231.999999999999
3 7264.000000000001
2 7274.666666666665
1 7281.999999999999
0 7286.4000000000015
3 7351.999999999999
0 7353.999999999999
1 7357.6
2 7488.000000000001
1 7752.0
2 8264.0
1 9293.714285714286
0 9311.999999999996
1 9329.2
1 9364.0
0 9365.454545454546
0 9368.000000000002
1 9369.2
1 9380.0
0 9397.2
0 9398.400000000001
2 9408.0
0 9412.0
1 9413.200000000003
2 9416.000000000002
1 9425.333333333334
3 9443.999999999998
2 9477.2
1 9544.000000000002
1 9545.09090909091
1 9556.0
0 9557.454545454548
2 9560.0
1 9561.6
2 9572.0
1 9588.0
1 9600.0
0 9601.454545454548
0 9604.000000000002
3 9605.2
1 9607.999999999998
0 9609.333333333332
2 9609.5
0 9613.142857142857
3 9624.0
1 9632.571428571428
1 9636.0
0 9637.5
3 9648.0
0 9664.5
1 9668.0
0 9669.5
1 9670.857142857143
2 9672.0
2 9675.999999999998
1 9677.333333333332
0 9680.0
2 9688.800000000001
1 9707.2
0 9740.0
1 9744.0
1 9752.666666666666
1 9772.0
1 9773.142857142857
1 9776.0
0 9783.999999999998
3 9810.666666666666
0 9817.999999999998
0 9820.0
1 9824.0
2 9832.8
2 9835.2
0 9837.6
1 9848.0
2 9924.800000000001
1 9932.666666666666
2 9942.0
1 9960.57142857143
3 10100.0
0 10101.333333333334
2 10101.5
0 10105.142857142857
1 10108.0
3 10109.714285714286
0 10112.0
3 10113.333333333334
1 10124.0
2 10131.999999999998
1 10149.333333333334
3 10184.0
0 10186.285714285714
1 10196.0
3 10200.0
0 10209.714285714284
2 10228.0
3 10260.0
0 10261.5
1 10324.0
1 10336.0
0 10340.0
1 10341.5
2 10357.714285714284
3 10369.5
2 10370.5
0 10374.0
2 10375.999999999998
0 10378.285714285714
1 10380.666666666666
0 10390.0
2 10392.0
3 10394.666666666666
3 10404.0
0 10407.999999999998
1 10410.0
3 10419.999999999998
0 10421.333333333332
0 10431.999999999998
0 10448.666666666666
1 10452.0
3 10453.6
0 10455.200000000003
0 10458.400000000001
2 10492.0
1 10501.6
0 10520.0
1 10536.0
1 10548.0
0 10549.714285714284
2 10580.0
3 10646.0
0 10775.999999999998
0 11034.857142857141
1 11038.0
0 11040.0
0 11041.714285714286
3 11052.666666666666
1 11056.000000000002
2 11072.0
1 11081.714285714286
1 11084.0
2 11092.571428571428
1 11096.571428571428
2 11098.285714285714
0 11108.0
1 11124.0
2 11158.285714285712
2 11162.0
1 11172.0
0 11190.0
0 11200.0
1 11201.333333333332
3 11205.0
0 11208.0
1 11209.5
3 11212.0
0 11220.0
0 11237.714285714284
2 11248.0
3 11249.5
0 11253.5
1 11256.0
0 11257.714285714286
0 11260.0
0 11262.0
0 11264.0
3 11272.0
2 11312.0
3 11329.333333333332
1 11332.666666666664
0 11334.666666666666
3 11337.333333333334
2 11342.400000000001
1 11352.0
2 11354.0
0 11356.000000000002
1 11358.400000000001
0 11360.0
0 11370.0
3 11396.000000000002
0 11398.0
0 11399.2
2 11408.0
3 11409.6
0 11411.0
2 11414.0
1 11419.0
0 11420.0
1 11424.0
3 11440.0
0 11481.333333333332
2 11556.000000000002
1 11557.333333333332
3 11560.0
0 11568.0
3 11586.4
1 11588.0
0 11589.599999999999
2 11592.0
1 11594.0
3 11597.333333333332
0 11600.0
3 11601.333333333332
0 11604.0
1 11612.0
1 11628.0
1 11632.0
1 11634.0
3 11644.0
0 11644.0
2 11660.0
3 11664.0
0 11668.0
0 11676.0
0 11680.0
0 11680.0
0 3.9999999999999987
1 5.428571428571427
2 7.999999999999998
1 16.923076923076916
0 20.000000000000004
1 21.538461538461544
1 24.0
2 32.333333333333336
1 49.33333333333333
1 53.090909090909086
1 56.00000000000001
0 64.33333333333334
2 67.99999999999999
1 69.33333333333331
1 80.0
3 96.33333333333333
2 129.33333333333334
3 133.0
0 135.99999999999997
3 144.66666666666666
2 148.00000000000003
1 149.33333333333334
1 152.0
2 153.45454545454544
0 155.99999999999997
1 164.80000000000004
1 180.4
2 184.40000000000003
1 192.39999999999998
0 197.2
1 200.0
0 201.60000000000002
0 203.99999999999994
1 212.4444444444444
2 216.0
1 232.88888888888886
1 264.8888888888889
0 340.0
3 342.5454545454545
0 345.09090909090907
2 356.00000000000006
3 357.8181818181819
0 360.0
1 374.40000000000003
0 378.40000000000003
2 381.33333333333337
1 382.6666666666667
1 393.33333333333326
3 396.0
1 404.8888888888889
1 408.0
2 409.33333333333326
3 420.0
0 436.00000000000006
3 437.33333333333337
1 440.0
0 442.0
3 452.0
0 454.0
1 455.9999999999999
2 457.7142857142857
0 458.0
3 470.0
0 486.66666666666663
2 530.2857142857143
2 548.4444444444445
2 581.7777777777778
3 648.8
1 780.0
2 789.4545454545455
0 799.9999999999997
1 816.3333333333334
1 820.0000000000001
1 821.3333333333334
0 832.0000000000001
0 833.3333333333334
2 836.0
0 837.4545454545455
3 840.0
0 848.3999999999999
3 866.0
3 900.727272727273
1 904.0000000000002
0 912.3636363636361
1 914.5454545454544
1 917.4545454545454
2 920.0
1 929.2
1 944.3999999999999
0 948.3999999999999
0 952.0000000000002
1 960.8
2 963.9999999999999
1 965.2
0 967.9999999999999
1 969.7777777777777
2 972.0
0 981.5
1 999.9999999999999
1 1001.7777777777776
2 1012.0
1 1013.3333333333334
0 1016.0
2 1017.142857142857
1 1025.7142857142858
1 1042.8571428571427
1 1077.5
0 1144.0
3 1155.9999999999998
0 1157.6000000000001
0 1160.0
1 1161.3333333333333
3 1164.0
0 1173.5
0 1188.0
1 1222.0
1 1233.3333333333333
2 1235.9999999999995
1 1240.0000000000002
0 1241.7777777777776
0 1244.0
0 1245.5
0 1256.0
1 1257.5
3 1260.0
0 1268.0
1 1283.9999999999998
0 1286.857142857143
1 1289.1428571428569
2 1294.285714285714
0 1297.3333333333335
2 1294.4
0 1297.6000000000001
2 1301.0
3 1317.0
0 1333.6000000000001
0 1339.9999999999998
3 1349.3333333333335
1 1376.0
0 1408.5
1 1474.0
3 1476.0
0 1478.0
0 1489.5
0 1492.0000000000002
3 1493.5
2 1496.0
1 1505.7142857142858
1 1520.5714285714284
0 1524.0
2 1526.2857142857142
3 1652.6666666666665
1 1657.6000000000001
2 1668.5714285714282
0 1924.0
3 1953.7142857142856
2 1962.5
2 1965.5
1 1975.9999999999998
0 1992.0
3 1993.5
2 1997.7142857142858
3 2008.0
2 2009.5
1 2012.0
0 2011.9999999999995
2 2014.6666666666665
2 2025.333333333333
1 2042.0
1 2045.142857142857
1 2046.6666666666665
1 2056.6666666666665
1 2067.9999999999995
0 2084.5714285714284
1 2116.0
2 2181.7142857142853
2 2185.714285714286
1 2186.8571428571427
0 2196.0
1 2215.9999999999995
0 2248.0
1 2251.0
2 2253.714285714286
1 2266.0
0 2268.0
1 2269.5
2 2271.9999999999995
1 2280.0
2 2291.9999999999995
1 2309.0
1 2320.0
1 2320.8888888888887
1 2324.0
0 2326.0
0 2327.9999999999995
0 2329.7142857142853
0 2340.0
1 2341.714285714286
2 2360.0
1 2369.142857142857
1 2372.0
3 2404.0
2 2405.7142857142853
0 2408.0
1 2416.6666666666665
3 2420.6666666666665
1 2435.2000000000003
0 2438.0
2 2442.3999999999996
3 2454.4
2 2472.0
1 2536.0
2 2538.8571428571427
3 2700.0
2 2702.0
1 2713.5
0 2724.0
1 2725.333333333333
0 2726.5
1 2729.5
0 2732.0
2 2738.8571428571427
0 2733.333333333333
0 2735.2
2 2745.6000000000004
0 2757.3333333333335
1 2775.9999999999995
1 2777.142857142857
2 2787.9999999999995
1 2803.9999999999995
0 2808.0
3 2809.142857142857
1 2811.9999999999995
2 2820.6666666666665
1 2824.0
2 2825.333333333333
3 2859.9999999999995
2 2924.0
3 2927.3333333333335
0 2936.0
3 2952.6666666666665
2 2955.9999999999995
0 2964.6666666666665
3 2982.6666666666665
0 2985.7142857142853
2 2989.9999999999995
1 2999.9999999999995
2 3031.999999999999
1 3034.8571428571427
1 3037.9999999999995
0 3048.0
1 3049.714285714286
3 3059.999999999999
0 3076.0
0 3080.0
1 3081.7142857142853
2 3084.0
1 3085.333333333333
2 3087.2
1 3096.0
0 3100.0
2 3109.0
3 3112.0000000000005
0 3128.0
3 3131.2000000000003
1 3134.4000000000005
0 3136.0
0 3144.0
2 3164.0
1 3172.0000000000005
0 3176.0
1 3178.4
2 3186.0
1 3190.4
2 3200.0
1 3201.6000000000004
2 3204.0
3 3225.333333333333
0 3205.333333333333
3 3208.0
1 3210.0
2 3228.0
3 3260.0
2 3326.0
2 3458.0
3 3725.0
1 3728.0
2 3729.6000000000004
0 3740.0
3 3741.6000000000004
1 4256.0
0 4264.0
1 4280.8
0 4313.6
0 4316.8
3 4324.8
3 4328.8
0 4332.0
1 4342.400000000001
3 4360.0
0 4362.0
0 4364.0
1 4374.400000000001
2 4381.0
3 4427.0
2 4499.999999999999
1 4502.5
0 4504.0
1 4506.857142857143
0 4509.333333333333
1 4520.0
3 4536.0
0 4537.142857142857
2 4568.666666666666
1 4583.999999999999
0 4601.5
0 4602.5
3 4612.0
0 4614.0
2 4617.714285714286
0 4620.0
3 4621.714285714285
1 4632.0
1 4633.714285714285
0 4636.0
2 4637.999999999999
0 4640.0
1 4650.400000000001
0 4651.200000000001
3 4668.0
0 4676.0
1 4694.4
2 4704.666666666666
0 4728.8
1 4796.0
2 4932.666666666667
3 4939.999999999999
2 4948.0
3 4966.0
2 4969.714285714286
1 4972.0
2 5004.0
3 5016.0
2 5017.777777777777
0 5023.5
2 5017.714285714285
0 5022.666666666666
1 5033.714285714285
3 5036.0
0 5053.142857142857
1 5064.0
0 5065.5
2 5065.714285714286
0 5067.333333333333
1 5078.0
2 5097.142857142857
3 5100.0
0 5108.571428571428
3 5110.857142857143
1 5113.714285714285
3 5124.0
0 5125.142857142857
0 5128.0
0 5130.0
1 5130.4000000000015
2 5148.0
3 5180.0
2 5188.800000000001
1 5192.800000000001
1 5204.0
0 5206.666666666666
2 5208.000000000001
0 5210.4000000000015
3 5213.0
2 5280.0
0 5304.0
1 5305.333333333333
2 5307.200000000001
0 5310.0
1 5319.0
3 5324.0
2 5333.6
0 5352.0
3 5383.999999999999
0 5387.333333333333
0 5390.0
1 5392.0
3 5394.0
2 5404.0
3 5420.0
0 5421.6
1 5424.0
0 5433.0
3 5436.0
1 5445.333333333333
0 5461.0
1 5465.0
0 5468.0
1 5476.0
1 5488.0
2 5520.0
1 5522.400000000001
0 5526.0
3 5528.0
2 5593.0
1 5596.0
2 5599.0
2 5609.0
2 5624.0
3 5753.0
0 5764.0
1 5766.400000000001
2 5800.8
3 5812.0
0 5814.0
1 5832.0
0 5834.666666666667
0 5837.999999999999
0 5848.0
3 5848.000000000001
0 5864.8
0 6155.2
3 6165.714285714285
0 6176.5
1 6180.0
2 6196.0
1 6197.5
3 6264.0
0 6265.5
1 6268.0
0 6276.571428571428
3 6281.714285714285
0 6284.0
1 6285.714285714284
3 6286.0
1 6288.000000000001
3 6296.8
2 6300.0
1 6302.400000000001
0 6312.0
3 6338.4
2 6371.999999999998
3 6373.714285714286
1 6377.333333333332
0 6379.999999999999
2 6381.999999999999
0 6384.000000000001
3 6392.0
0 6410.4
1 6420.0
0 6435.999999999998
3 6441.333333333332
0 6444.0
1 6446.0
0 6448.000000000001
3 6456.0
3 6460.0
0 6461.6
1 6464.0
3 6473.0
0 6489.0
0 6495.0
2 6528.0
1 6600.0
2 6730.666666666666
3 6740.0
2 6742.285714285714
3 6746.0
0 6748.0
1 6749.999999999999
3 6750.4
1 6761.6
0 6777.6
2 6780.0
3 6788.000000000001
0 6806.4000000000015
1 6840.0
2 6845.333333333332
3 6856.0
0 6857.714285714286
1 6857.999999999999
3 6862.400000000001
2 6872.0
0 6874.4
1 6883.999999999999
0 6885.333333333333
0 6888.0
1 6890.4
1 6900.0
0 6916.799999999999
0 6920.0
3 6928.000000000001
0 6945.600000000001
0 6949.333333333333
2 6984.000000000001
1 6993.333333333332
1 6993.999999999999
0 6996.8
1 7000.0
0 7002.400000000001
3 7016.0
0 7020.0
1 7052.0
2 7054.0
0 7119.999999999999
3 7132.0
2 7140.0
1 7146.4000000000015
0 7154.4
2 7157.999999999998
3 7172.800000000001
2 7178.4
1 7180.0
0 7188.000000000001
2 7190.4
1 7192.0
2 7195.0
1 7204.0
0 7221.0
3 7224.0
0 7233.0
1 7236.0
3 7237.333333333333
1 7240.0
2 7248.0
0 7260.0
1 7263.999999999999
0 7272.0
3 7284.0
1 7316.0
0 7317.0
1 7320.0
1 7329.333333333333
0 7347.999999999999
1 7350.0
2 7354.0
0 7352.0
2 7356.0
2 7364.0
1 7368.0
0 7370.0
0 7372.0
0 7376.0
3 7384.0
0 7400.0
1 7404.0
0 7404.0
